# CRUSH Pixel Data File
#
# Instrument: scuba2
# Scan: 39
# Object: COSMOS
# Date: null (MJD: 55256.37808368396)
# Project: M09BH105A
# Exposure: 29.685 s.
# Equatorial: 09h59m44.70s 02d33m39.6s (J2000.0)
# Horizontal: 56d06m41.832s -53d05m37.281s
# CRUSH version: 2.00-0
#
# ch	gain	weight		flag
1	0.050 	2.939E-6 	0x0
4	0.010 	2.401E-6 	0x0
5	0.001 	3.892E-6 	0x0
10	3.735 	2.148E-7 	0x000
11	2.383 	5.597E-7 	0x0
12	2.347 	5.856E-7 	0x0
13	2.623 	5.159E-7 	0x0
14	2.693 	4.004E-7 	0x0
15	3.144 	2.431E-7 	0x000
16	3.759 	3.061E-7 	0x000
17	3.827 	1.910E-7 	0x000
18	4.899 	2.158E-7 	0x000
22	-0.016 	4.913E-6 	0x0
23	0.002 	4.135E-6 	0x0
24	0.003 	3.746E-6 	0x0
25	0.002 	4.461E-6 	0x0
26	0.004 	3.648E-6 	0x0
27	-0.093 	3.114E-6 	0x000
34	0.008 	4.244E-6 	0x0
35	0.008 	4.773E-6 	0x0
36	0.006 	5.432E-6 	0x0
39	88.833 	8.024E-14 	0x0
45	2.762 	6.580E-8 	0x0
46	1.915 	2.061E-7 	0x0
47	1.485 	4.151E-7 	0x0
48	1.337 	6.532E-7 	0x0
49	1.254 	6.898E-7 	0x0
50	1.161 	9.230E-7 	0x0
51	0.922 	5.367E-7 	0x0
52	3.099 	5.243E-8 	0x000
53	1.450 	8.133E-7 	0x0
54	1.913 	2.260E-7 	0x0
55	1.621 	6.868E-7 	0x0
56	1.559 	1.617E-6 	0x0
57	1.568 	1.459E-6 	0x0
58	1.634 	1.667E-6 	0x0
59	1.889 	1.340E-6 	0x0
60	2.159 	1.175E-6 	0x0
61	2.574 	6.435E-7 	0x0
62	2.588 	7.197E-7 	0x0
63	2.558 	8.956E-7 	0x0
64	3.260 	2.610E-7 	0x000
68	95.994 	1.183E-13 	0x0
73	-0.020 	4.019E-6 	0x0
74	-0.009 	4.245E-6 	0x0
75	0.014 	3.472E-6 	0x0
76	-0.002 	3.842E-6 	0x0
79	-0.021 	4.995E-7 	0x0
81	0.054 	2.605E-6 	0x0
84	1.247 	1.291E-7 	0x0
85	1.056 	2.114E-7 	0x0
87	0.986 	4.655E-7 	0x0
88	0.913 	6.864E-7 	0x0
89	0.982 	8.376E-7 	0x0
90	1.124 	9.107E-7 	0x0
91	1.219 	9.879E-7 	0x0
92	1.284 	1.000E-6 	0x0
93	0.752 	8.374E-7 	0x0
94	1.420 	1.151E-6 	0x0
95	1.516 	7.863E-7 	0x0
96	2.109 	9.923E-8 	0x0
97	2.145 	2.449E-7 	0x0
98	1.609 	1.324E-6 	0x0
99	1.624 	1.441E-6 	0x0
100	1.803 	8.809E-7 	0x0
101	1.809 	1.439E-6 	0x0
102	2.070 	8.957E-7 	0x0
103	1.989 	1.253E-6 	0x0
104	2.116 	1.006E-6 	0x0
105	2.512 	8.687E-7 	0x0
107	0.013 	3.427E-6 	0x0
117	-0.001 	4.260E-6 	0x0
123	0.654 	8.288E-8 	0x0
124	0.449 	1.075E-7 	0x0
126	0.674 	2.075E-7 	0x0
128	0.790 	4.849E-7 	0x0
129	0.945 	5.759E-7 	0x0
130	1.136 	9.238E-7 	0x0
131	1.171 	1.091E-6 	0x0
134	1.532 	9.542E-7 	0x0
135	1.939 	2.480E-7 	0x0
136	1.445 	8.306E-7 	0x0
137	1.981 	6.499E-7 	0x0
138	1.494 	1.756E-6 	0x0
139	1.289 	1.040E-6 	0x0
140	1.878 	6.207E-7 	0x0
141	1.569 	1.669E-6 	0x0
142	1.840 	1.409E-6 	0x0
143	2.172 	8.087E-7 	0x0
144	1.929 	9.917E-7 	0x0
145	2.342 	8.108E-7 	0x0
146	3.999 	5.447E-8 	0x000
154	0.010 	3.049E-6 	0x0
156	0.005 	3.378E-6 	0x0
157	0.000 	3.587E-6 	0x0
163	-0.118 	5.710E-8 	0x0
164	-0.105 	4.912E-8 	0x0
167	0.531 	1.573E-7 	0x0
168	0.742 	2.860E-7 	0x0
169	0.858 	5.963E-7 	0x0
170	1.063 	1.176E-6 	0x0
171	1.155 	1.299E-6 	0x0
172	1.491 	8.940E-7 	0x0
173	1.428 	1.233E-6 	0x0
176	1.888 	4.114E-7 	0x0
177	1.335 	1.561E-6 	0x0
178	1.521 	1.372E-6 	0x0
179	1.632 	1.383E-6 	0x0
180	1.589 	1.615E-6 	0x0
181	2.546 	8.864E-8 	0x0
182	1.808 	1.143E-6 	0x0
183	1.759 	1.496E-6 	0x0
184	1.825 	1.417E-6 	0x0
185	2.047 	1.031E-6 	0x0
186	2.052 	8.133E-7 	0x0
187	3.019 	4.726E-7 	0x000
189	0.006 	9.748E-6 	0x0
193	-0.000 	1.115E-5 	0x0
198	-0.000 	1.390E-5 	0x0
201	0.048 	1.791E-6 	0x0
203	-1.432 	8.355E-9 	0x200
206	-0.324 	4.313E-8 	0x200
209	0.921 	2.775E-7 	0x0
210	0.960 	4.169E-7 	0x0
211	1.127 	6.346E-7 	0x0
212	0.917 	1.097E-6 	0x0
213	1.342 	7.239E-7 	0x0
214	1.508 	7.155E-7 	0x0
215	1.424 	7.746E-7 	0x0
216	1.431 	7.275E-7 	0x0
217	1.446 	7.212E-7 	0x0
218	1.789 	8.813E-7 	0x0
219	1.532 	1.717E-6 	0x0
220	1.484 	1.474E-6 	0x0
221	2.135 	2.388E-7 	0x0
222	1.850 	1.041E-6 	0x0
223	2.954 	1.038E-7 	0x0
224	1.557 	1.283E-6 	0x0
225	1.799 	1.140E-6 	0x0
227	2.311 	7.868E-7 	0x0
228	3.559 	4.158E-7 	0x000
229	0.022 	1.849E-6 	0x0
230	-0.007 	9.229E-8 	0x0
233	0.001 	2.126E-6 	0x0
238	-0.019 	3.336E-6 	0x0
241	-0.214 	5.494E-9 	0x0
242	-1.176 	1.412E-8 	0x200
244	-0.439 	1.726E-7 	0x0
245	-0.185 	5.436E-7 	0x0
246	-0.321 	1.473E-7 	0x200
247	-0.052 	7.467E-8 	0x0
248	0.637 	9.026E-8 	0x0
249	0.617 	3.628E-7 	0x0
250	0.964 	2.798E-7 	0x0
251	0.481 	9.455E-7 	0x0
253	0.977 	7.287E-7 	0x0
254	1.335 	5.875E-7 	0x0
255	1.403 	5.636E-7 	0x0
256	1.387 	9.470E-7 	0x0
257	1.481 	1.298E-6 	0x0
258	1.619 	3.777E-7 	0x0
259	1.702 	4.017E-7 	0x0
260	1.632 	5.935E-7 	0x0
261	1.707 	1.198E-6 	0x0
262	1.739 	8.747E-7 	0x0
263	1.740 	1.301E-6 	0x0
264	2.712 	1.775E-7 	0x0
265	1.784 	5.438E-7 	0x0
266	2.020 	6.840E-7 	0x0
267	2.045 	3.837E-7 	0x0
268	2.571 	5.361E-7 	0x0
269	3.702 	7.526E-8 	0x000
270	0.050 	1.400E-6 	0x0
277	-0.017 	3.966E-7 	0x0
278	-0.015 	1.917E-6 	0x0
282	-1.329 	1.614E-8 	0x0
283	0.001 	2.374E-6 	0x0
285	-0.081 	1.407E-6 	0x0
286	-0.088 	1.613E-6 	0x0
287	-0.086 	2.640E-7 	0x0
288	0.384 	1.651E-7 	0x0
289	0.677 	3.920E-7 	0x0
290	0.890 	6.309E-7 	0x0
291	1.087 	7.684E-7 	0x0
292	0.661 	2.085E-6 	0x0
293	23.129 	5.066E-9 	0x900
294	1.269 	1.760E-6 	0x0
295	1.259 	1.515E-6 	0x0
296	1.287 	1.594E-6 	0x0
297	1.037 	1.976E-6 	0x0
298	1.512 	6.752E-7 	0x0
299	2.041 	4.862E-7 	0x0
300	1.144 	8.211E-9 	0x200
301	1.775 	7.481E-7 	0x0
302	473.236 	1.739E-12 	0x900
303	1.637 	1.017E-6 	0x0
304	1.822 	7.790E-7 	0x0
305	1.912 	2.396E-7 	0x0
306	1.830 	3.025E-7 	0x0
308	2.532 	2.668E-7 	0x0
309	1.774 	5.722E-7 	0x0
312	-0.018 	1.970E-6 	0x0
315	0.016 	4.153E-6 	0x0
317	0.006 	4.647E-6 	0x0
321	-0.199 	3.068E-8 	0x0
322	-0.836 	3.504E-8 	0x0
328	0.518 	9.836E-8 	0x0
329	0.747 	3.638E-7 	0x0
330	0.856 	6.477E-7 	0x0
331	0.882 	9.054E-7 	0x0
332	1.076 	1.083E-6 	0x0
333	1.201 	1.344E-6 	0x0
334	1.259 	9.215E-7 	0x0
335	1.344 	1.178E-6 	0x0
336	1.449 	1.478E-6 	0x0
337	1.492 	1.223E-6 	0x0
338	1.586 	1.308E-6 	0x0
339	1.761 	9.244E-7 	0x0
341	2.185 	1.568E-7 	0x0
342	1.034 	1.609E-7 	0x0
343	1.719 	8.460E-7 	0x0
344	1.759 	8.201E-7 	0x0
345	1.892 	7.968E-7 	0x0
346	1.857 	1.000E-6 	0x0
347	2.475 	2.571E-7 	0x0
348	1.769 	9.287E-7 	0x0
349	2.098 	9.169E-7 	0x0
350	4.685 	1.708E-7 	0x000
359	-0.003 	4.398E-6 	0x0
360	0.009 	4.595E-6 	0x0
361	0.104 	5.010E-8 	0x0
362	-0.292 	1.212E-7 	0x0
368	0.309 	5.302E-7 	0x0
369	0.730 	4.643E-7 	0x0
370	1.008 	5.465E-7 	0x0
371	0.803 	1.114E-6 	0x0
372	1.018 	1.158E-6 	0x0
373	-5.615 	2.051E-9 	0x900
374	1.393 	1.004E-6 	0x0
375	1.401 	1.198E-6 	0x0
376	1.510 	1.072E-6 	0x0
377	2.103 	4.463E-7 	0x0
378	1.573 	1.305E-6 	0x0
379	1.762 	1.117E-6 	0x0
380	1.300 	5.028E-7 	0x0
381	1.944 	8.741E-7 	0x0
382	1.382 	8.788E-7 	0x0
383	1.802 	6.071E-7 	0x0
384	2.090 	3.528E-7 	0x0
385	3.108 	7.028E-8 	0x000
386	2.556 	1.605E-7 	0x0
387	1.988 	5.939E-7 	0x0
388	1.726 	1.378E-6 	0x0
389	1.962 	9.439E-7 	0x0
390	2.181 	6.335E-7 	0x0
397	-0.009 	7.159E-6 	0x0
398	-0.015 	6.435E-6 	0x0
400	-0.009 	8.806E-6 	0x0
401	0.389 	9.629E-8 	0x200
402	0.030 	4.502E-7 	0x0
406	0.028 	8.239E-7 	0x0
407	0.204 	5.303E-7 	0x000
408	0.381 	8.264E-7 	0x0
409	0.557 	1.064E-6 	0x0
410	0.740 	1.126E-6 	0x0
411	1.411 	2.290E-7 	0x0
412	1.056 	1.273E-6 	0x0
413	1.085 	1.303E-6 	0x0
414	1.325 	1.544E-6 	0x0
415	1.373 	1.343E-6 	0x0
416	1.242 	2.284E-6 	0x0
417	1.403 	1.254E-6 	0x0
418	1.488 	1.149E-6 	0x0
419	1.678 	1.478E-6 	0x0
420	1.225 	7.398E-7 	0x0
421	1.943 	7.552E-7 	0x0
422	1.754 	1.358E-6 	0x0
423	2.665 	1.047E-7 	0x0
424	1.690 	1.313E-6 	0x0
425	2.333 	1.344E-7 	0x0
426	4.455 	8.226E-8 	0x000
427	2.042 	9.128E-7 	0x0
428	1.873 	9.699E-7 	0x0
429	0.338 	3.482E-6 	0x0
431	3.810 	1.160E-7 	0x000
434	0.000 	4.172E-6 	0x0
436	0.002 	4.207E-6 	0x0
440	0.277 	1.202E-6 	0x000
441	0.604 	2.147E-7 	0x0
445	0.192 	4.468E-7 	0x0
447	0.392 	6.548E-7 	0x0
448	0.458 	1.131E-6 	0x0
449	0.596 	1.220E-6 	0x0
450	0.688 	1.136E-6 	0x0
451	-292.396 	3.931E-13 	0x000
452	1.090 	1.166E-6 	0x0
453	1.148 	1.246E-6 	0x0
454	1.165 	5.547E-7 	0x0
455	6.643 	2.219E-10 	0xb00
456	1.323 	1.306E-6 	0x0
457	1.354 	1.753E-6 	0x0
458	1.530 	9.308E-7 	0x0
459	1.693 	1.153E-6 	0x0
460	1.965 	3.551E-7 	0x0
461	2.080 	5.121E-7 	0x0
462	2.113 	4.977E-7 	0x0
463	2.285 	3.233E-7 	0x0
464	1.822 	1.006E-6 	0x0
465	1.689 	1.182E-6 	0x0
466	1.744 	1.296E-6 	0x0
467	2.202 	6.851E-7 	0x0
468	1.657 	6.912E-7 	0x0
469	1.559 	8.696E-7 	0x0
471	3.294 	2.231E-7 	0x000
475	2.627 	3.799E-8 	0x0
476	1.246 	6.762E-8 	0x0
479	0.005 	6.781E-6 	0x0
480	-0.006 	7.547E-6 	0x0
481	0.762 	3.817E-7 	0x0
482	0.138 	2.838E-6 	0x000
484	0.170 	1.765E-6 	0x000
485	0.235 	1.704E-6 	0x000
486	0.424 	1.032E-6 	0x0
487	0.475 	1.304E-6 	0x0
488	0.528 	1.560E-6 	0x0
489	0.636 	1.480E-6 	0x0
490	0.714 	1.237E-6 	0x0
491	1.135 	3.243E-7 	0x0
492	1.125 	1.038E-6 	0x0
493	1.220 	1.348E-6 	0x0
494	1.214 	1.694E-6 	0x0
495	1.344 	1.117E-6 	0x0
496	0.860 	7.152E-7 	0x0
497	1.550 	1.455E-6 	0x0
498	1.594 	1.402E-6 	0x0
499	1.687 	8.342E-7 	0x0
500	1.715 	8.264E-7 	0x0
501	1.954 	8.511E-7 	0x0
502	1.799 	1.122E-6 	0x0
503	1.842 	1.053E-6 	0x0
504	1.698 	1.241E-6 	0x0
505	1.492 	1.293E-6 	0x0
506	1.749 	7.524E-7 	0x0
507	68.893 	1.692E-9 	0x900
508	1.724 	9.157E-7 	0x0
509	1.598 	1.403E-6 	0x0
510	1.972 	9.568E-7 	0x0
511	2.383 	2.001E-7 	0x0
512	8.000 	5.902E-10 	0x000
513	3.645 	4.715E-8 	0x000
514	3.352 	4.588E-8 	0x000
515	2.049 	4.968E-8 	0x0
516	1.997 	6.308E-8 	0x0
517	0.619 	2.955E-9 	0x200
521	0.859 	6.189E-7 	0x0
524	0.263 	2.969E-6 	0x000
525	0.443 	1.841E-6 	0x0
527	0.557 	1.667E-6 	0x0
528	0.545 	2.438E-6 	0x0
529	0.660 	2.317E-6 	0x0
530	0.759 	2.407E-6 	0x0
531	0.833 	2.065E-6 	0x0
532	1.024 	1.795E-6 	0x0
533	1.030 	2.368E-6 	0x0
534	1.179 	1.866E-6 	0x0
535	1.266 	1.392E-6 	0x0
536	1.519 	1.109E-6 	0x0
537	1.385 	1.790E-6 	0x0
538	1.275 	2.062E-6 	0x0
539	1.601 	1.866E-6 	0x0
540	2.340 	7.200E-7 	0x0
541	2.048 	8.741E-7 	0x0
542	2.072 	1.083E-6 	0x0
543	1.459 	1.364E-6 	0x0
544	1.754 	1.030E-6 	0x0
545	1.702 	1.255E-6 	0x0
546	1.576 	1.123E-6 	0x0
547	1.775 	1.103E-6 	0x0
548	1.588 	1.209E-6 	0x0
549	1.962 	8.057E-7 	0x0
550	1.562 	8.562E-7 	0x0
551	2.036 	7.404E-7 	0x0
552	2.578 	4.845E-7 	0x0
553	2.045 	7.320E-7 	0x0
554	1.619 	5.524E-7 	0x0
556	2.039 	2.180E-7 	0x0
558	1.681 	2.515E-7 	0x0
559	1.302 	3.297E-8 	0x0
641	1.091 	7.893E-7 	0x0
642	0.456 	2.051E-6 	0x0
643	0.236 	2.527E-6 	0x000
644	0.517 	1.964E-6 	0x0
645	0.571 	1.851E-6 	0x0
646	0.566 	1.761E-6 	0x0
647	0.719 	1.402E-6 	0x0
648	0.883 	4.370E-7 	0x0
649	0.884 	1.016E-6 	0x0
650	0.851 	1.219E-6 	0x0
651	0.887 	2.847E-6 	0x0
652	1.025 	1.302E-6 	0x0
653	1.233 	2.121E-6 	0x0
656	1.459 	8.472E-7 	0x0
657	1.599 	6.328E-7 	0x0
658	1.471 	1.032E-6 	0x0
659	1.758 	1.482E-6 	0x0
660	2.181 	4.128E-7 	0x0
661	2.162 	7.620E-7 	0x0
662	1.822 	1.312E-6 	0x0
663	1.593 	8.137E-7 	0x0
664	1.927 	5.564E-7 	0x0
665	1.281 	1.022E-6 	0x0
666	1.028 	9.318E-7 	0x0
667	1.326 	1.229E-6 	0x0
668	0.786 	1.261E-6 	0x0
669	0.932 	2.108E-6 	0x0
670	1.124 	2.175E-6 	0x0
671	1.637 	5.711E-7 	0x0
672	1.738 	7.409E-7 	0x0
673	1.092 	6.633E-7 	0x0
674	0.750 	6.876E-7 	0x0
675	1.394 	8.893E-7 	0x0
676	1.353 	5.480E-7 	0x0
677	1.343 	7.062E-7 	0x0
678	1.485 	2.616E-7 	0x0
679	0.976 	1.540E-7 	0x0
681	1.064 	9.797E-7 	0x0
682	0.441 	3.041E-6 	0x0
683	0.405 	2.791E-6 	0x0
684	0.560 	2.745E-6 	0x0
685	0.585 	2.680E-6 	0x0
686	0.569 	2.822E-6 	0x0
687	0.656 	2.690E-6 	0x0
688	0.690 	1.642E-6 	0x0
689	0.830 	1.768E-6 	0x0
690	0.836 	2.019E-6 	0x0
691	0.846 	4.275E-6 	0x0
692	0.875 	1.969E-6 	0x0
693	0.897 	4.320E-6 	0x0
694	1.034 	3.169E-6 	0x0
695	1.289 	1.582E-6 	0x0
696	1.278 	1.744E-6 	0x0
697	1.386 	1.079E-6 	0x0
698	1.349 	1.116E-6 	0x0
699	1.610 	1.731E-6 	0x0
700	2.189 	6.528E-7 	0x0
701	1.866 	5.369E-7 	0x0
702	2.132 	8.869E-7 	0x0
703	1.334 	1.307E-6 	0x0
704	1.366 	1.321E-6 	0x0
705	1.498 	1.054E-6 	0x0
706	1.256 	1.811E-6 	0x0
707	1.162 	1.934E-6 	0x0
708	1.015 	1.990E-6 	0x0
709	1.031 	1.679E-6 	0x0
710	1.117 	1.560E-6 	0x0
711	1.479 	9.825E-7 	0x0
712	1.422 	1.414E-6 	0x0
713	1.070 	2.862E-6 	0x0
714	0.969 	1.667E-6 	0x0
715	1.150 	1.287E-6 	0x0
716	1.144 	1.422E-6 	0x0
717	1.427 	9.286E-7 	0x0
718	1.432 	5.188E-7 	0x0
719	1.264 	6.060E-7 	0x0
721	1.164 	8.163E-7 	0x0
722	0.547 	1.981E-6 	0x0
723	3.178 	7.280E-8 	0x000
724	0.379 	2.840E-6 	0x0
725	0.591 	2.484E-6 	0x0
726	0.625 	1.694E-6 	0x0
727	0.663 	3.164E-6 	0x0
728	0.730 	2.795E-6 	0x0
729	0.746 	2.586E-6 	0x0
730	0.793 	2.823E-6 	0x0
731	0.833 	5.646E-6 	0x0
732	0.844 	4.738E-6 	0x0
733	0.885 	4.319E-6 	0x0
734	0.879 	4.105E-6 	0x0
735	0.986 	1.618E-6 	0x0
736	1.099 	2.349E-6 	0x0
737	1.229 	3.365E-6 	0x0
738	1.299 	1.608E-6 	0x0
739	1.333 	1.549E-6 	0x0
740	1.683 	1.139E-6 	0x0
741	1.353 	2.469E-6 	0x0
742	1.442 	2.116E-6 	0x0
743	1.305 	2.328E-6 	0x0
744	1.440 	1.322E-6 	0x0
745	1.275 	1.765E-6 	0x0
746	1.104 	1.343E-6 	0x0
747	1.030 	1.961E-6 	0x0
748	0.971 	2.084E-6 	0x0
749	1.028 	2.013E-6 	0x0
750	1.019 	1.802E-6 	0x0
751	1.216 	2.269E-6 	0x0
752	1.367 	1.319E-6 	0x0
753	1.103 	6.713E-7 	0x0
754	0.965 	1.895E-6 	0x0
755	1.092 	7.869E-7 	0x0
756	0.992 	1.030E-6 	0x0
757	1.659 	3.695E-7 	0x0
758	1.580 	4.544E-7 	0x0
759	1.729 	4.153E-8 	0x0
761	1.298 	7.684E-7 	0x0
762	0.639 	1.763E-6 	0x0
764	0.320 	1.980E-6 	0x0
765	0.507 	1.969E-6 	0x0
766	0.651 	1.736E-6 	0x0
767	0.694 	1.556E-6 	0x0
768	0.748 	1.699E-6 	0x0
769	0.805 	1.940E-6 	0x0
770	0.799 	2.262E-6 	0x0
771	0.811 	2.512E-6 	0x0
772	0.835 	2.688E-6 	0x0
773	0.843 	2.610E-6 	0x0
774	0.869 	2.781E-6 	0x0
775	0.974 	2.327E-6 	0x0
776	1.314 	1.529E-6 	0x0
777	1.307 	1.139E-6 	0x0
778	1.205 	1.900E-6 	0x0
779	1.311 	1.232E-6 	0x0
780	1.464 	1.423E-6 	0x0
781	1.286 	1.818E-6 	0x0
782	1.318 	2.031E-6 	0x0
783	1.229 	1.825E-6 	0x0
784	15.292 	2.990E-9 	0x900
785	1.092 	1.537E-6 	0x0
786	1.043 	1.201E-6 	0x0
787	0.962 	1.615E-6 	0x0
788	1.003 	1.839E-6 	0x0
789	0.942 	1.714E-6 	0x0
790	1.042 	1.169E-6 	0x0
791	1.272 	4.307E-7 	0x0
792	1.419 	1.209E-6 	0x0
793	1.467 	6.574E-7 	0x0
794	1.188 	1.132E-6 	0x0
795	1.023 	1.353E-6 	0x0
796	1.410 	8.986E-7 	0x0
797	1.324 	1.242E-6 	0x0
798	1.335 	9.358E-7 	0x0
799	1.265 	5.598E-7 	0x0
800	0.013 	3.365E-6 	0x0
801	1.417 	6.552E-7 	0x0
802	0.632 	1.204E-6 	0x0
803	0.386 	8.968E-7 	0x0
804	0.488 	1.383E-6 	0x0
805	0.602 	1.893E-6 	0x0
806	0.708 	1.654E-6 	0x0
807	0.736 	1.531E-6 	0x0
808	0.775 	1.137E-6 	0x0
809	0.782 	1.240E-6 	0x0
810	0.767 	1.402E-6 	0x0
811	5.657 	6.991E-9 	0x900
812	0.810 	2.276E-6 	0x0
813	0.816 	2.614E-6 	0x0
814	0.864 	2.544E-6 	0x0
815	1.047 	2.441E-6 	0x0
816	0.020 	2.705E-6 	0x0
817	1.307 	1.724E-6 	0x0
818	1.195 	1.814E-6 	0x0
819	1.183 	1.960E-6 	0x0
820	1.241 	1.454E-6 	0x0
821	1.363 	1.746E-6 	0x0
822	1.216 	1.782E-6 	0x0
823	1.159 	1.126E-6 	0x0
824	1.019 	9.347E-7 	0x0
825	0.994 	2.767E-6 	0x0
826	0.958 	8.088E-7 	0x0
827	0.992 	1.099E-6 	0x0
828	0.892 	1.617E-6 	0x0
829	0.882 	1.278E-6 	0x0
830	1.026 	1.132E-6 	0x0
831	1.111 	1.830E-6 	0x0
832	1.381 	8.873E-7 	0x0
834	1.056 	1.155E-6 	0x0
835	0.945 	1.391E-6 	0x0
836	1.010 	2.007E-6 	0x0
837	1.321 	8.101E-7 	0x0
838	1.347 	4.970E-7 	0x0
839	1.435 	6.997E-7 	0x0
840	0.012 	3.508E-6 	0x0
841	1.585 	5.279E-7 	0x0
842	0.773 	2.700E-6 	0x0
843	0.645 	3.439E-6 	0x0
844	0.561 	4.024E-6 	0x0
845	0.676 	3.486E-6 	0x0
846	0.678 	4.233E-6 	0x0
847	0.741 	2.985E-6 	0x0
848	0.771 	3.921E-6 	0x0
849	0.824 	2.548E-6 	0x0
850	0.791 	3.011E-6 	0x0
851	0.834 	2.726E-6 	0x0
852	0.845 	4.519E-6 	0x0
853	0.789 	4.139E-6 	0x0
854	0.853 	4.426E-6 	0x0
855	65.933 	1.795E-9 	0x900
857	1.227 	1.582E-6 	0x0
858	1.011 	2.694E-6 	0x0
859	1.114 	2.359E-6 	0x0
860	1.082 	3.372E-6 	0x0
861	1.143 	3.502E-6 	0x0
862	1.119 	3.779E-6 	0x0
863	1.014 	2.110E-6 	0x0
864	1.064 	6.915E-8 	0x0
865	0.975 	3.758E-6 	0x0
866	0.950 	3.388E-6 	0x0
867	0.954 	3.365E-6 	0x0
868	0.880 	2.741E-6 	0x0
869	0.817 	3.353E-6 	0x0
870	1.092 	2.725E-6 	0x0
871	1.134 	1.894E-6 	0x0
872	1.153 	2.473E-6 	0x0
873	1.205 	1.135E-6 	0x0
874	0.886 	1.934E-6 	0x0
875	0.935 	1.377E-6 	0x0
876	1.272 	1.340E-6 	0x0
877	1.300 	7.325E-7 	0x0
878	1.446 	7.498E-7 	0x0
879	1.269 	1.470E-6 	0x0
880	0.011 	7.839E-6 	0x0
881	1.626 	5.187E-7 	0x0
882	0.773 	1.742E-6 	0x0
883	0.807 	1.976E-6 	0x0
884	0.796 	2.321E-6 	0x0
885	0.715 	2.598E-6 	0x0
886	0.745 	3.081E-6 	0x0
887	0.764 	2.506E-6 	0x0
888	0.794 	2.687E-6 	0x0
889	0.813 	2.017E-6 	0x0
890	0.773 	2.219E-6 	0x0
891	0.803 	2.169E-6 	0x0
892	0.821 	2.291E-6 	0x0
893	0.829 	2.248E-6 	0x0
894	0.935 	4.545E-6 	0x0
897	0.963 	4.011E-6 	0x0
898	0.939 	3.579E-6 	0x0
899	1.007 	1.668E-6 	0x0
900	1.001 	3.094E-6 	0x0
901	1.020 	3.758E-6 	0x0
902	1.033 	3.188E-6 	0x0
903	0.921 	4.011E-6 	0x0
904	0.881 	4.144E-6 	0x0
905	0.881 	2.060E-6 	0x0
906	0.888 	3.617E-6 	0x0
907	0.909 	3.330E-6 	0x0
909	0.904 	2.515E-6 	0x0
910	1.061 	2.296E-6 	0x0
911	1.175 	1.555E-6 	0x0
912	1.232 	1.423E-6 	0x0
913	0.907 	1.644E-6 	0x0
914	1.156 	1.317E-6 	0x0
915	0.931 	2.614E-6 	0x0
916	1.044 	1.287E-6 	0x0
917	1.167 	1.669E-6 	0x0
918	1.145 	1.085E-6 	0x0
919	1.145 	7.897E-7 	0x0
920	0.015 	6.231E-6 	0x0
921	2.559 	2.032E-8 	0x0
922	1.130 	1.404E-6 	0x0
923	1.065 	2.274E-6 	0x0
925	0.874 	3.878E-6 	0x0
926	0.759 	3.661E-6 	0x0
927	0.745 	3.244E-6 	0x0
928	0.781 	5.510E-6 	0x0
929	0.822 	3.321E-6 	0x0
930	0.803 	3.431E-6 	0x0
931	0.813 	3.552E-6 	0x0
932	0.821 	3.065E-6 	0x0
933	0.865 	2.235E-6 	0x0
934	0.903 	3.084E-6 	0x0
935	0.004 	1.142E-5 	0x0
936	0.004 	1.097E-5 	0x0
937	0.963 	2.949E-6 	0x0
938	0.868 	4.819E-6 	0x0
939	0.906 	4.686E-6 	0x0
940	0.973 	4.725E-6 	0x0
942	0.896 	5.007E-6 	0x0
943	0.880 	4.856E-6 	0x0
944	0.822 	5.384E-6 	0x0
945	0.827 	4.356E-6 	0x0
946	0.860 	4.448E-6 	0x0
947	0.843 	5.278E-6 	0x0
948	0.893 	3.965E-6 	0x0
949	0.928 	3.136E-6 	0x0
950	1.072 	2.501E-6 	0x0
951	1.116 	3.008E-6 	0x0
952	1.108 	2.763E-6 	0x0
954	0.767 	3.998E-6 	0x0
955	0.837 	1.187E-6 	0x0
956	0.823 	2.281E-6 	0x0
957	0.929 	2.799E-6 	0x0
959	1.121 	5.682E-7 	0x0
961	6.647 	4.537E-10 	0x000
964	1.093 	2.201E-6 	0x0
965	0.861 	2.566E-6 	0x0
966	0.844 	2.745E-6 	0x0
967	0.858 	3.109E-6 	0x0
968	0.842 	3.773E-6 	0x0
969	0.820 	3.603E-6 	0x0
970	0.818 	3.826E-6 	0x0
971	0.821 	3.627E-6 	0x0
972	0.844 	3.620E-6 	0x0
973	0.852 	3.640E-6 	0x0
974	0.840 	3.713E-6 	0x0
975	0.953 	2.339E-6 	0x0
976	0.975 	3.286E-6 	0x0
977	0.873 	3.215E-6 	0x0
978	0.866 	3.223E-6 	0x0
979	0.911 	3.405E-6 	0x0
981	0.935 	3.405E-6 	0x0
982	0.859 	3.926E-6 	0x0
983	0.861 	3.467E-6 	0x0
984	0.806 	4.360E-6 	0x0
985	0.864 	3.933E-6 	0x0
986	0.886 	2.808E-6 	0x0
987	0.853 	2.865E-6 	0x0
988	0.808 	2.796E-6 	0x0
989	1.064 	2.630E-6 	0x0
990	1.111 	1.928E-6 	0x0
991	1.199 	2.041E-6 	0x0
992	1.107 	1.552E-6 	0x0
993	1.031 	1.588E-6 	0x0
994	0.021 	5.686E-6 	0x0
996	0.777 	6.810E-7 	0x0
997	0.989 	8.232E-7 	0x0
998	1.081 	4.222E-7 	0x0
999	1.163 	4.488E-7 	0x0
1000	2.920 	3.887E-8 	0x0
1001	-713.374 	1.765E-14 	0x0
1002	1.518 	3.196E-7 	0x0
1003	1.413 	7.014E-7 	0x0
1004	1.097 	1.607E-6 	0x0
1005	0.881 	1.905E-6 	0x0
1006	0.852 	3.068E-6 	0x0
1007	0.888 	2.364E-6 	0x0
1008	0.855 	4.442E-6 	0x0
1009	0.860 	3.380E-6 	0x0
1010	0.872 	2.742E-6 	0x0
1011	0.773 	3.062E-6 	0x0
1012	0.835 	4.869E-6 	0x0
1013	0.883 	2.970E-6 	0x0
1014	0.842 	3.121E-6 	0x0
1015	0.828 	3.143E-6 	0x0
1016	0.873 	2.958E-6 	0x0
1017	0.894 	4.585E-6 	0x0
1018	0.804 	3.392E-6 	0x0
1019	0.905 	3.016E-6 	0x0
1020	0.956 	2.336E-6 	0x0
1021	0.839 	5.864E-6 	0x0
1022	0.864 	4.590E-6 	0x0
1023	0.826 	5.076E-6 	0x0
1024	0.775 	4.867E-6 	0x0
1025	0.825 	5.043E-6 	0x0
1026	0.850 	3.087E-6 	0x0
1027	0.800 	3.540E-6 	0x0
1028	0.842 	3.204E-6 	0x0
1029	1.087 	2.166E-6 	0x0
1030	1.242 	2.073E-6 	0x0
1031	1.195 	1.758E-6 	0x0
1032	0.986 	2.126E-6 	0x0
1033	0.830 	2.846E-6 	0x0
1034	0.699 	1.480E-6 	0x0
1035	0.451 	9.342E-7 	0x0
1036	0.383 	9.584E-7 	0x0
1037	0.848 	2.015E-6 	0x0
1038	0.968 	1.396E-6 	0x0
1039	1.096 	6.354E-7 	0x0
1040	3.251 	2.047E-8 	0x000
1041	0.283 	1.243E-6 	0x000
1042	1.765 	5.257E-7 	0x0
1043	1.363 	7.932E-7 	0x0
1044	0.997 	7.538E-7 	0x0
1045	0.922 	1.804E-6 	0x0
1046	0.789 	4.682E-6 	0x0
1047	0.859 	3.061E-6 	0x0
1048	0.864 	2.415E-6 	0x0
1049	0.864 	2.815E-6 	0x0
1050	0.826 	3.080E-6 	0x0
1051	0.797 	5.053E-6 	0x0
1052	0.853 	4.410E-6 	0x0
1053	0.988 	3.127E-6 	0x0
1054	0.933 	4.459E-6 	0x0
1055	0.925 	3.581E-6 	0x0
1056	0.983 	4.858E-6 	0x0
1057	0.889 	3.160E-6 	0x0
1058	0.955 	2.607E-6 	0x0
1059	0.844 	4.475E-6 	0x0
1060	0.865 	4.483E-6 	0x0
1061	0.719 	3.433E-6 	0x0
1062	0.798 	3.578E-6 	0x0
1063	0.880 	3.770E-6 	0x0
1064	0.837 	5.670E-6 	0x0
1065	0.780 	5.013E-6 	0x0
1066	0.797 	2.607E-6 	0x0
1067	0.962 	3.010E-6 	0x0
1068	0.905 	2.137E-6 	0x0
1069	1.154 	2.755E-6 	0x0
1070	1.562 	2.193E-6 	0x0
1071	1.413 	2.293E-6 	0x0
1072	1.168 	2.420E-6 	0x0
1073	0.746 	2.612E-6 	0x0
1074	0.615 	1.463E-6 	0x0
1075	0.544 	1.751E-6 	0x0
1076	0.539 	1.983E-6 	0x0
1077	0.768 	2.564E-6 	0x0
1078	0.832 	2.394E-6 	0x0
1079	0.858 	9.754E-7 	0x0
1080	1.772 	1.683E-7 	0x0
1123	3.758 	8.986E-8 	0x000
1124	1.274 	1.421E-7 	0x0
1125	1.170 	1.537E-6 	0x0
1126	1.062 	2.463E-6 	0x0
1127	1.046 	1.812E-7 	0x0
1128	0.948 	2.875E-6 	0x0
1129	0.892 	3.756E-6 	0x0
1130	0.842 	3.458E-6 	0x0
1131	0.899 	4.288E-6 	0x0
1132	0.013 	9.402E-6 	0x0
1133	0.961 	3.692E-6 	0x0
1134	0.874 	4.863E-6 	0x0
1135	0.828 	3.982E-6 	0x0
1136	0.842 	4.120E-6 	0x0
1137	0.897 	3.888E-6 	0x0
1138	0.744 	3.449E-6 	0x0
1139	0.786 	5.247E-6 	0x0
1140	0.661 	3.492E-6 	0x0
1141	0.797 	4.570E-6 	0x0
1142	0.836 	5.217E-6 	0x0
1143	0.825 	4.567E-6 	0x0
1144	0.811 	4.218E-6 	0x0
1145	0.977 	3.762E-6 	0x0
1146	1.087 	2.668E-6 	0x0
1147	1.115 	2.167E-6 	0x0
1148	1.298 	2.128E-6 	0x0
1149	1.635 	1.564E-6 	0x0
1150	1.944 	1.412E-6 	0x0
1151	1.789 	1.373E-6 	0x0
1152	1.220 	1.702E-6 	0x0
1153	0.647 	2.846E-6 	0x0
1154	0.538 	2.063E-6 	0x0
1155	0.554 	2.419E-6 	0x0
1156	-0.009 	7.978E-6 	0x0
1157	0.627 	3.522E-6 	0x0
1158	0.675 	2.885E-6 	0x0
1159	0.671 	2.457E-6 	0x0
1160	1.251 	5.088E-7 	0x0
1203	-0.014 	5.549E-7 	0x0
1206	2.948 	1.261E-7 	0x0
1207	2.278 	7.566E-7 	0x0
1208	1.539 	6.460E-7 	0x0
1209	1.340 	1.544E-6 	0x0
1211	0.008 	5.252E-6 	0x0
1212	1.144 	1.913E-6 	0x0
1213	0.968 	1.986E-6 	0x0
1214	1.317 	1.983E-6 	0x0
1215	0.903 	5.001E-6 	0x0
1216	0.872 	2.412E-6 	0x0
1217	0.835 	2.860E-6 	0x0
1218	0.887 	2.240E-6 	0x0
1219	0.897 	1.448E-6 	0x0
1220	0.924 	1.680E-6 	0x0
1221	0.957 	3.391E-6 	0x0
1222	1.023 	2.035E-6 	0x0
1223	1.014 	1.831E-6 	0x0
1224	1.108 	1.872E-6 	0x0
1225	1.305 	2.098E-6 	0x0
1226	1.496 	8.142E-7 	0x0
1227	1.754 	6.012E-7 	0x0
1228	1.631 	6.011E-7 	0x0
1229	3.481 	2.484E-7 	0x000
1230	2.346 	4.524E-7 	0x0
1231	3.380 	2.127E-7 	0x000
1232	2.225 	6.532E-7 	0x0
1233	1.296 	1.086E-6 	0x0
1234	0.977 	1.189E-6 	0x0
1236	0.911 	1.426E-6 	0x0
1237	0.763 	1.899E-6 	0x0
1238	0.805 	1.245E-6 	0x0
1239	0.877 	1.594E-6 	0x0
1240	-0.432 	2.778E-8 	0x200
1247	0.005 	3.907E-6 	0x0
1249	0.006 	4.721E-6 	0x0
1251	3.285 	2.718E-7 	0x000
1252	2.509 	7.969E-8 	0x0
1253	2.150 	6.338E-7 	0x0
1255	1.866 	6.575E-7 	0x0
1256	1.586 	1.226E-6 	0x0
1257	1.714 	1.188E-6 	0x0
1258	1.710 	7.925E-7 	0x0
1259	1.747 	1.063E-6 	0x0
1260	1.746 	1.058E-6 	0x0
1261	1.914 	6.889E-7 	0x0
1262	2.068 	8.107E-7 	0x0
1263	2.699 	2.895E-7 	0x0
1264	3.215 	4.942E-8 	0x000
1265	4.896 	1.856E-7 	0x000
1269	-0.024 	5.581E-6 	0x0
1271	-0.010 	4.259E-6 	0x0
1273	0.007 	5.931E-6 	0x0
1275	0.010 	6.652E-6 	0x0
1276	1.195 	1.018E-6 	0x0
1278	1.893 	4.993E-7 	0x0
1279	1.289 	8.268E-7 	0x0
1280	1.915 	3.603E-7 	0x0
