# Efficiency factors for sampling the intrinsic PSF through a column 
# of 1.18 mm pixels (corresponding to the low res array)
# This is applicable to simulated data sets.
# Real data efficiencies will depend on slit size.
#     Wave[um]     Eff.
      25.0010     0.914632
      25.0917     0.914225
      25.1823     0.913870
      25.2729     0.913461
      25.3635     0.913078
      25.4540     0.912584
      25.5444     0.912255
      25.6348     0.911884
      25.7252     0.911473
      25.8154     0.911213
      25.9057     0.910721
      25.9959     0.910317
      26.0860     0.909895
      26.1761     0.909521
      26.2661     0.909081
      26.3561     0.908727
      26.4460     0.908324
      26.5359     0.907956
      26.6257     0.907489
      26.7155     0.907178
      26.8052     0.906787
      26.8949     0.906324
      26.9845     0.905892
      27.0740     0.905510
      27.1635     0.905056
      27.2530     0.904617
      27.3424     0.904261
      27.4317     0.903951
      27.5210     0.903547
      27.6103     0.903191
      27.6995     0.902774
      27.7886     0.902295
      27.9096     0.901707
      27.9986     0.901414
      28.0876     0.900840
      28.1765     0.900501
      28.2653     0.900211
      28.3541     0.899702
      28.4429     0.899442
      28.5316     0.898982
      28.6202     0.898579
      28.7088     0.898264
      28.7973     0.897753
      28.8858     0.897398
      28.9742     0.897066
      29.0626     0.896613
      29.1509     0.896256
      29.2391     0.895746
      29.3273     0.895487
      29.4155     0.895076
      29.5036     0.894681
      29.5916     0.894435
      29.6796     0.893865
      29.7675     0.893724
      29.8554     0.893265
      29.9432     0.892835
      30.0310     0.892431
      30.1187     0.892092
      30.2063     0.891780
      30.2939     0.891358
      30.3814     0.890953
      30.4689     0.890638
      30.5563     0.890366
      30.6437     0.889800
      31.1695     0.887736
      31.2573     0.887435
      31.3449     0.886981
      31.4326     0.886824
      31.5201     0.886339
      31.6076     0.886115
      31.6950     0.885701
      31.7823     0.885379
      31.8696     0.884947
      31.9568     0.884820
      32.0440     0.884532
      32.1311     0.884188
      32.2181     0.883803
      32.3050     0.883469
      32.3919     0.883171
      32.4787     0.882867
      32.5654     0.882446
      32.6521     0.882194
      32.7387     0.881753
      32.8253     0.881512
      32.9118     0.881180
      32.9982     0.880813
      33.0845     0.880722
      33.1708     0.880291
      33.2570     0.880217
      33.3431     0.879884
      33.4292     0.879638
      33.5152     0.879150
      33.6011     0.878940
      33.6870     0.878620
      33.7728     0.878332
      33.8585     0.877991
      33.9748     0.877623
      34.0604     0.877316
      34.1459     0.876952
      34.2313     0.876770
      34.3167     0.876568
      34.4020     0.876315
      34.4872     0.876090
      34.5723     0.875715
      34.6574     0.875626
      34.7424     0.875356
      34.8274     0.875075
      34.9122     0.874755
      34.9970     0.874371
      35.0818     0.874451
      35.1664     0.874022
      35.2510     0.873739
      35.3355     0.873586
      35.4200     0.873116
      35.5044     0.873021
      35.5887     0.872808
      35.6729     0.872351
      35.7571     0.872365
      35.8412     0.871982
      35.9252     0.871664
      36.0091     0.871556
      36.0930     0.871199
      36.1768     0.871051
      36.2605     0.870813
      36.3442     0.870671
      36.4278     0.870582
      36.5113     0.870347
      36.5947     0.870000
      37.2213     0.868198
      37.3056     0.868004
      37.3899     0.867890
      37.4740     0.867577
      37.5581     0.867254
      37.6421     0.867198
      37.7260     0.866928
      37.8098     0.866711
      37.8935     0.866547
      37.9772     0.866449
      38.0608     0.866275
      38.1442     0.866193
      38.2277     0.865851
      38.3110     0.865641
      38.3942     0.865500
      38.4774     0.865173
      38.5605     0.864883
      38.6435     0.864736
      38.7264     0.864323
      38.8093     0.864362
      38.8920     0.864401
      38.9747     0.864099
      39.0573     0.863768
      39.1398     0.863525
      39.2222     0.863392
      39.3046     0.863044
      39.3868     0.862736
      39.4690     0.862618
      39.5511     0.862610
      39.6331     0.862351
      39.7150     0.862233
      39.7969     0.862133
      39.9079     0.861665
      39.9895     0.861878
      40.0711     0.861537
      40.1526     0.861310
      40.2340     0.861027
      40.3153     0.861023
      40.3965     0.860744
      40.4776     0.860452
      40.5587     0.860427
      40.6396     0.860286
      40.7205     0.859984
      40.8013     0.859735
      40.8820     0.859664
      40.9627     0.859257
      41.0432     0.858959
      41.1236     0.858791
      41.2040     0.858881
      41.2843     0.858498
      41.3645     0.858110
      41.4446     0.858253
      41.5246     0.857891
      41.6045     0.857828
      41.6844     0.857726
      41.7641     0.857634
      41.8438     0.857309
      41.9234     0.857287
      42.0029     0.856978
      42.0823     0.857106
      42.1616     0.856973
      42.2408     0.856614
      42.3200     0.856265
      42.3990     0.856422
      42.4010     0.856422
      42.5548     0.855881
      42.7085     0.855569
      42.8622     0.855050
      43.0157     0.854777
      43.1692     0.854178
      43.3226     0.853722
      43.4759     0.853487
      43.6291     0.853316
      43.7822     0.852883
      43.9352     0.852381
      44.0882     0.852051
      44.2410     0.851571
      44.3938     0.851746
      44.5465     0.851255
      44.6991     0.851021
      44.8516     0.850414
      45.0040     0.849992
      45.1563     0.849853
      45.3086     0.849410
      45.4607     0.849073
      45.6128     0.848377
      45.7648     0.848070
      45.9167     0.847803
      46.0684     0.847355
      46.2202     0.846889
      46.3718     0.846466
      46.5233     0.846103
      46.6747     0.845550
      46.8261     0.845439
      46.9773     0.845384
      47.1285     0.845218
      47.3337     0.844654
      47.4847     0.843977
      47.6355     0.843226
      47.7863     0.843089
      47.9370     0.842405
      48.0876     0.842013
      48.2381     0.841712
      48.3885     0.841132
      48.5388     0.841070
      48.6891     0.840256
      48.8392     0.839876
      48.9892     0.839524
      49.1392     0.839384
      49.2890     0.838599
      49.4388     0.838288
      49.5885     0.838173
      49.7381     0.837638
      49.8876     0.837412
      50.0369     0.836875
      50.1862     0.836054
      50.3355     0.835982
      50.4846     0.835083
      50.6336     0.834913
      50.7825     0.834486
      50.9313     0.833771
      51.0801     0.833419
      51.2287     0.833181
      51.3773     0.832579
      51.5257     0.832203
      51.6741     0.831962
      51.8223     0.830918
      51.9705     0.830457
      52.8104     0.827746
      52.9592     0.827378
      53.1080     0.827063
      53.2566     0.826448
      53.4051     0.826165
      53.5535     0.825594
      53.7017     0.825094
      53.8499     0.824817
      53.9979     0.824196
      54.1459     0.823865
      54.2937     0.822979
      54.4414     0.822531
      54.5890     0.822043
      54.7365     0.821231
      54.8838     0.820601
      55.0311     0.820011
      55.1782     0.819867
      55.3252     0.819052
      55.4721     0.818385
      55.6189     0.818069
      55.7656     0.817149
      55.9122     0.817277
      56.0587     0.816577
      56.2050     0.815824
      56.3512     0.815640
      56.4973     0.814862
      56.6433     0.814507
      56.7892     0.814226
      56.9350     0.813305
      57.0806     0.812806
      57.2261     0.812269
      57.3716     0.811709
      57.5689     0.811517
      57.7141     0.810508
      57.8591     0.809955
      58.0040     0.809461
      58.1488     0.808772
      58.2934     0.807775
      58.4380     0.807348
      58.5824     0.806814
      58.7268     0.806071
      58.8710     0.805878
      59.0150     0.805169
      59.1590     0.804696
      59.3028     0.804005
      59.4466     0.803436
      59.5902     0.802666
      59.7337     0.802493
      59.8770     0.801812
      60.0203     0.801334
      60.1634     0.800683
      60.3064     0.799997
      60.4493     0.799307
      60.5921     0.798627
      60.7347     0.797860
      60.8772     0.797288
      61.0196     0.796843
      61.1619     0.796294
      61.3041     0.795214
      61.4461     0.795219
      61.5880     0.795294
      61.7298     0.794702
      61.8715     0.793793
      62.0130     0.793111
      63.0133     0.788549
      63.1563     0.788258
      63.2992     0.787573
      63.4420     0.786858
      63.5846     0.785982
      63.7271     0.785257
      63.8695     0.785163
      64.0117     0.784405
      64.1538     0.783359
      64.2957     0.782628
      64.4375     0.782085
      64.5792     0.781697
      64.7207     0.781304
      64.8621     0.780126
      65.0034     0.779633
      65.1445     0.778768
      65.2855     0.778158
      65.4263     0.777382
      65.5670     0.777024
      65.7076     0.776502
      65.8480     0.775574
      65.9883     0.775391
      66.1284     0.774739
      66.2684     0.774187
      66.4083     0.774201
      66.5480     0.773313
      66.6876     0.772926
      66.8270     0.772454
      66.9663     0.771454
      67.1055     0.770848
      67.2445     0.770115
      67.3834     0.769379
      67.5718     0.768140
      67.7103     0.767865
      67.8487     0.767133
      67.9870     0.766113
      68.1251     0.765250
      68.2630     0.764383
      68.4009     0.764927
      68.5385     0.763882
      68.6761     0.763313
      68.8135     0.762712
      68.9507     0.761996
      69.0878     0.761111
      69.2248     0.760596
      69.3616     0.760044
      69.4982     0.759231
      69.6348     0.758588
      69.7711     0.757458
      69.9074     0.756679
      70.0434     0.756473
      70.1794     0.756366
      70.3152     0.755791
      70.4508     0.754537
      70.5863     0.753903
      70.7216     0.753811
      70.8568     0.753055
      70.9919     0.752443
      71.1268     0.751571
      71.2615     0.750959
      71.3961     0.750089
      71.5306     0.750218
      71.6648     0.749423
      71.7990     0.748725
      71.8010     0.748725
      72.0619     0.747844
      72.3225     0.745965
      72.5831     0.744738
      72.8435     0.744428
      73.1038     0.742569
      73.3639     0.741248
      73.6238     0.739822
      73.8837     0.738701
      74.1433     0.737883
      74.4029     0.736279
      74.6622     0.735280
      74.9215     0.734066
      75.1805     0.732276
      75.4395     0.731559
      75.6982     0.730528
      75.9569     0.729021
      76.2153     0.727593
      76.4737     0.725924
      76.7318     0.725423
      76.9899     0.723736
      77.2478     0.722378
      77.5055     0.721207
      77.7631     0.720759
      78.0205     0.718656
      78.2778     0.717691
      78.5349     0.716732
      78.7919     0.714956
      79.0487     0.713919
      79.3054     0.713067
      79.5619     0.711554
      79.8183     0.710388
      80.1663     0.709542
      80.4223     0.707936
      80.6781     0.706691
      80.9338     0.705294
      81.1894     0.704929
      81.4448     0.703563
      81.7000     0.702370
      81.9551     0.700176
      82.2100     0.699602
      82.4648     0.698269
      82.7194     0.697103
      82.9739     0.695397
      83.2282     0.694127
      83.4823     0.693573
      83.7363     0.691788
      83.9901     0.690368
      84.2438     0.688894
      84.4973     0.688058
      84.7507     0.687407
      85.0039     0.686514
      85.2570     0.684784
      85.5098     0.683495
      85.7626     0.682008
      86.0151     0.681138
      86.2675     0.680316
      86.5198     0.678466
      86.7719     0.678410
      87.0238     0.677083
      87.2756     0.675768
      87.5272     0.674523
      87.7786     0.673702
      88.0299     0.672250
      89.6182     0.665663
      89.8705     0.664543
      90.1227     0.663125
      90.3746     0.662065
      90.6263     0.661021
      90.8779     0.659474
      91.1293     0.658364
      91.3804     0.656470
      91.6314     0.655841
      91.8822     0.654748
      92.1328     0.653499
      92.3832     0.651888
      92.6334     0.650836
      92.8835     0.649866
      93.1333     0.649512
      93.3829     0.647512
      93.6324     0.647228
      93.8816     0.646399
      94.1307     0.644819
      94.3796     0.643699
      94.6282     0.642753
      94.8767     0.641697
      95.1250     0.641024
      95.3731     0.639307
      95.6210     0.637442
      95.8687     0.636999
      96.1162     0.635952
      96.3635     0.635009
      96.6106     0.633464
      96.8575     0.632232
      97.1042     0.631470
      97.3507     0.631064
      97.6853     0.628711
      97.9314     0.627581
      98.1772     0.627001
      98.4229     0.625555
      98.6683     0.624576
      98.9136     0.623584
      99.1586     0.621713
      99.4035     0.622064
      99.6482     0.621594
      99.8926     0.620246
      100.137     0.619554
      100.381     0.617754
      100.625     0.617162
      100.868     0.615591
      101.112     0.615288
      101.355     0.614132
      101.598     0.612588
      101.841     0.611532
      102.084     0.611020
      102.326     0.610016
      102.568     0.609156
      102.810     0.608667
      103.052     0.606976
      103.294     0.605775
      103.535     0.605373
      103.776     0.604588
      104.017     0.602879
      104.258     0.601810
      104.499     0.600292
      104.739     0.600059
      104.979     0.599341
      105.219     0.598738
      107.114     0.590322
      107.356     0.589435
      107.598     0.587762
      107.840     0.587439
      108.082     0.586600
      108.323     0.585351
      108.565     0.583455
      108.806     0.582701
      109.046     0.582303
      109.287     0.581454
      109.527     0.579787
      109.767     0.579309
      110.007     0.578463
      110.247     0.577913
      110.486     0.576453
      110.725     0.576090
      110.964     0.575859
      111.203     0.574965
      111.441     0.573509
      111.679     0.572721
      111.917     0.571902
      112.155     0.571351
      112.392     0.569858
      112.629     0.568891
      112.866     0.568223
      113.103     0.567522
      113.339     0.566941
      113.576     0.566140
      113.812     0.565544
      114.047     0.565040
      114.283     0.564635
      114.518     0.562932
      114.838     0.561685
      115.072     0.560664
      115.307     0.559633
      115.541     0.558954
      115.775     0.558632
      116.009     0.557786
      116.242     0.557049
      116.475     0.554621
      116.708     0.554241
      116.941     0.553861
      117.174     0.552916
      117.406     0.551889
      117.638     0.550721
      117.870     0.550310
      118.101     0.548831
      118.333     0.548104
      118.564     0.547800
      118.794     0.546370
      119.025     0.545705
      119.255     0.545971
      119.485     0.545496
      119.715     0.543941
      119.945     0.542388
      120.174     0.542167
      120.403     0.541120
      120.632     0.540722
      120.860     0.539798
      121.088     0.539461
      121.316     0.537991
      121.544     0.537579
      121.772     0.536422
      121.999     0.535498
