# SHARC2 Non-linearity Coefficients 
#
# row	col	G(eps=0)	I0(Vb=1V)	T0 (K))
# ----- ------- --------------  --------------- ----------
1	3	1.004597	1.0486E-2	698.242920
1	5	1.042720	1.0862E-2	706.373657
1	6	1.077934	1.0950E-2	707.950012
1	7	1.039733	1.1138E-2	725.385864
1	8	0.987489	1.1397E-2	747.769653
1	9	0.442848	1.0449E-2	768.714539
1	10	1.000421	1.1437E-2	769.584717
1	11	0.997288	1.1353E-2	778.678650
1	12	0.977523	1.1326E-2	787.224182
1	13	0.994619	1.1290E-2	782.588684
1	14	0.966991	1.1344E-2	787.223877
1	15	0.985881	1.1252E-2	767.625305
1	16	0.997900	1.1227E-2	753.832336
1	17	0.996245	1.1234E-2	759.023438
1	18	0.973382	1.1177E-2	758.881836
1	19	0.982758	1.0965E-2	757.614441
1	20	0.965844	1.0832E-2	743.447876
1	21	0.961441	1.0703E-2	757.240540
1	22	1.013493	1.0470E-2	702.896118
1	23	1.002489	1.0331E-2	702.291870
1	24	0.974639	1.0136E-2	694.207825
1	25	0.949174	9.9994E-3	701.210632
1	26	0.928619	9.8365E-3	696.715759
1	27	0.928989	9.7428E-3	702.549744
1	28	0.914696	9.6738E-3	700.562744
1	29	0.903157	9.4272E-3	686.202820
1	30	0.912599	9.2799E-3	686.908142
1	31	0.854269	9.3269E-3	710.919617
2	1	0.867265	8.4157E-3	659.687622
2	2	0.915489	8.8965E-3	664.230835
2	3	0.911053	9.2049E-3	687.384827
2	4	0.911667	9.7403E-3	719.017395
2	5	0.929951	9.9844E-3	708.880127
2	7	0.964811	1.0618E-2	702.670715
2	8	0.997627	1.0359E-2	709.390198
2	9	1.021183	1.0494E-2	711.256042
2	10	0.990974	1.0857E-2	746.365601
2	11	0.981486	1.1192E-2	761.578857
2	12	0.986830	1.1214E-2	774.288757
2	13	0.997327	1.1368E-2	789.730896
2	14	1.072166	1.2170E-2	673.675781
2	15	1.147011	1.0129E-2	701.189636
2	16	1.030062	1.1785E-2	798.392639
2	17	1.033908	1.2047E-2	773.953430
2	18	1.033420	1.2048E-2	794.653381
2	19	1.051335	1.2072E-2	797.311218
2	20	1.053317	1.2026E-2	784.550293
2	21	1.043542	1.1979E-2	785.735352
2	22	1.061079	1.1944E-2	776.462952
2	23	1.051721	1.1832E-2	775.526184
2	24	1.075946	1.1538E-2	743.178284
2	25	1.073921	1.1462E-2	742.168152
2	26	1.041199	1.1706E-2	766.174316
2	28	0.947706	1.1160E-2	788.783081
2	29	0.990426	1.0708E-2	736.224182
2	30	0.969699	1.0614E-2	743.152893
2	31	0.723214	9.6214E-3	855.775513
2	32	0.628208	1.1830E-2	1171.262207
3	1	1.202221	1.0881E-2	670.861389
3	2	1.224046	1.1017E-2	693.940247
3	3	1.116025	1.2330E-2	757.787109
3	4	1.134032	1.2773E-2	776.614563
3	6	1.113714	1.2689E-2	776.731140
3	7	1.121399	1.3415E-2	817.126587
3	8	1.119870	1.3081E-2	796.396790
3	9	1.124060	1.2852E-2	787.232422
3	10	1.130127	1.3382E-2	816.586914
3	11	1.106770	1.3452E-2	830.453064
3	12	1.115895	1.3765E-2	841.736755
3	13	1.295447	1.2564E-2	698.858765
3	14	1.111708	1.3868E-2	854.843750
3	15	1.126889	1.3687E-2	833.546753
3	16	1.128224	1.3699E-2	830.442871
3	17	1.114785	1.3737E-2	809.403503
3	18	1.110344	1.3540E-2	832.957947
3	19	1.094629	1.3558E-2	846.891724
3	20	1.222574	1.1995E-2	698.744751
3	21	1.070129	1.3162E-2	834.759399
3	22	1.149897	1.2525E-2	755.833984
3	23	1.100443	1.2575E-2	784.779236
3	24	1.226484	1.1352E-2	667.727173
3	25	1.096032	1.2368E-2	773.478149
3	26	1.078168	1.2135E-2	774.453857
3	27	1.077858	1.1919E-2	761.769165
3	28	1.046072	1.1609E-2	757.014099
3	29	1.038422	1.1431E-2	748.228638
3	30	1.021572	1.1014E-2	732.623657
3	31	1.018632	1.0278E-2	692.048462
3	32	0.958024	8.8258E-3	634.924133
4	1	1.060508	1.1129E-2	698.882019
4	2	1.034728	1.1702E-2	752.755615
4	5	1.085253	1.2025E-2	746.709106
4	6	1.059471	1.2502E-2	791.475525
4	8	1.051886	1.2946E-2	815.840454
4	9	1.076343	1.2693E-2	791.823792
4	10	1.074911	1.2796E-2	804.794250
4	11	1.060478	1.2599E-2	799.692322
4	12	1.040509	1.2461E-2	796.531311
4	13	1.017473	1.2278E-2	794.159302
4	15	1.048311	1.1860E-2	780.744141
4	16	1.038803	1.1903E-2	765.668396
4	17	1.080477	1.1652E-2	729.151428
4	18	1.148960	1.0453E-2	643.736633
4	19	1.042415	1.1514E-2	734.735535
4	20	1.043679	1.1341E-2	733.272949
4	21	1.029382	1.1147E-2	722.531433
4	22	1.026501	1.1059E-2	719.361267
4	23	1.027183	1.1082E-2	724.227600
4	24	1.095282	1.0821E-2	686.446716
4	25	1.098047	1.0736E-2	679.246094
4	26	1.086236	1.0718E-2	675.698181
4	27	1.087364	1.0470E-2	670.681885
4	28	1.041967	1.0250E-2	670.373108
4	29	1.098464	8.6656E-3	579.596252
4	30	1.029048	9.7710E-3	653.969543
4	32	0.899105	8.5906E-3	638.881104
5	2	1.000858	1.0218E-2	695.218323
5	3	1.020420	1.0284E-2	685.704041
5	4	1.071928	1.0824E-2	696.546387
5	5	1.065562	1.0971E-2	708.428040
5	6	1.089718	1.1126E-2	703.877563
5	7	1.090898	1.1015E-2	695.815125
5	8	1.086901	1.0722E-2	680.343323
5	9	1.063289	1.0605E-2	684.815613
5	10	1.061263	1.0599E-2	687.186279
5	11	1.038315	1.0491E-2	690.853210
5	12	1.045299	1.0398E-2	683.784363
5	13	1.045474	1.0498E-2	687.346436
5	14	1.050409	1.0445E-2	681.650208
5	15	1.061523	1.0579E-2	689.139832
5	16	1.051317	1.0568E-2	691.803467
5	17	1.064613	1.0485E-2	686.976624
5	18	1.052855	1.0571E-2	694.218018
5	19	1.052316	1.0731E-2	702.312561
5	20	1.076202	1.0730E-2	695.398926
5	21	1.076088	1.0776E-2	698.281555
5	22	1.081770	1.0872E-2	706.509766
5	23	1.074906	1.0895E-2	705.687378
5	24	1.052809	1.0900E-2	716.084778
5	25	1.036682	1.0796E-2	719.659790
5	26	1.006124	1.0750E-2	728.737183
5	27	0.994451	1.0557E-2	721.955872
5	28	1.026687	1.0429E-2	700.614441
5	29	1.035440	1.0346E-2	693.117798
5	30	1.028158	1.0182E-2	686.402771
5	31	1.039558	9.7410E-3	656.826782
5	32	1.003009	8.9326E-3	622.633789
6	1	1.091220	1.0254E-2	657.838684
6	2	1.068217	1.0699E-2	690.773926
6	3	1.079733	1.0706E-2	685.029968
6	4	1.102657	1.0791E-2	679.612305
6	5	1.078620	1.1422E-2	720.873291
6	6	1.111186	1.1812E-2	732.165833
6	7	1.109285	1.1653E-2	725.374268
6	8	1.139007	1.2214E-2	740.867676
6	9	1.132460	1.2346E-2	751.254883
6	10	1.130547	1.2530E-2	763.114136
6	11	1.147639	1.2539E-2	755.565857
6	12	1.119737	1.2387E-2	755.196106
6	13	1.122061	1.2255E-2	743.771790
6	14	1.127258	1.2302E-2	746.017883
6	15	1.124041	1.2258E-2	746.069519
6	16	1.127522	1.2206E-2	742.111755
6	17	1.119095	1.2151E-2	747.927612
6	18	1.102482	1.2272E-2	760.514832
6	19	1.126673	1.2196E-2	747.381653
6	21	1.114198	1.2118E-2	749.995239
6	22	1.124665	1.1860E-2	730.303589
6	23	1.114850	1.1780E-2	731.378174
6	24	1.096831	1.1642E-2	730.474792
6	25	1.115697	1.2069E-2	746.220032
6	26	1.079985	1.1666E-2	732.095093
6	27	1.117825	1.2285E-2	757.403503
6	28	1.092240	1.2221E-2	764.402954
6	29	1.078299	1.2028E-2	763.658752
6	30	1.095050	1.1243E-2	713.015503
6	31	1.080705	1.0420E-2	671.163269
6	32	1.027341	9.6162E-3	646.089294
7	1	0.531122	5.7492E-3	720.022949
7	2	0.855782	1.0263E-2	793.081970
7	3	0.879188	1.0119E-2	768.273193
7	4	0.932003	1.0011E-2	726.001465
7	5	0.970174	9.7342E-3	687.374329
7	6	1.002199	9.7201E-3	670.160217
7	7	1.006133	9.8635E-3	675.104492
7	8	1.021518	9.9715E-3	671.732178
7	9	1.023052	1.0216E-2	681.985962
7	10	1.031700	1.0383E-2	684.845215
7	11	1.099311	1.0253E-2	660.416687
7	12	1.095550	1.0554E-2	671.744568
7	13	1.101285	1.0767E-2	680.394409
7	14	1.095477	1.0826E-2	686.111450
7	15	1.105165	1.1105E-2	693.933838
7	16	1.120955	1.1330E-2	703.869629
7	17	1.154874	1.1118E-2	680.638306
7	18	1.165378	1.1123E-2	674.522827
7	19	1.151788	1.1401E-2	694.652771
7	20	1.162689	1.1160E-2	692.670410
7	21	1.159229	1.1261E-2	697.829529
7	22	1.154030	1.1514E-2	696.820984
7	23	1.146383	1.1629E-2	702.630981
7	24	1.147981	1.1506E-2	698.366150
7	25	1.146427	1.1419E-2	694.774536
7	26	1.146425	1.1350E-2	692.651062
7	27	1.138786	1.1225E-2	689.060059
7	28	1.100538	1.1066E-2	692.638123
7	29	1.037575	1.1176E-2	735.554749
7	30	0.974131	1.1247E-2	777.812866
7	31	0.980936	1.4639E-2	961.234070
8	1	0.994406	9.1701E-3	656.098572
8	2	0.950358	9.9498E-3	722.141418
8	3	0.936914	1.0293E-2	755.968750
8	4	1.017062	1.0039E-2	688.694702
8	5	1.087970	1.0176E-2	668.545959
8	6	1.128120	1.0345E-2	661.417542
8	7	1.141959	1.0474E-2	656.657471
8	8	1.149008	1.0698E-2	665.959106
8	9	1.186654	1.0781E-2	654.345398
8	10	1.194818	1.1062E-2	659.534058
8	11	1.214393	1.1461E-2	674.491577
8	12	1.204212	1.1683E-2	688.347046
8	13	1.252738	1.1425E-2	661.172241
8	14	1.247070	1.1575E-2	669.559509
8	15	1.232465	1.1527E-2	675.776062
8	16	1.243088	1.1637E-2	673.318726
8	17	1.226402	1.1842E-2	694.029480
8	18	1.280049	1.1608E-2	666.509216
8	19	1.282911	1.1373E-2	653.101807
8	20	1.255424	1.1650E-2	673.592163
8	21	1.247016	1.1591E-2	674.026550
8	22	1.238990	1.1373E-2	664.661377
8	23	1.223215	1.1427E-2	673.969360
8	24	1.209955	1.1289E-2	672.409851
8	25	1.226350	1.1436E-2	675.306030
8	26	1.229509	1.1151E-2	660.645386
8	27	1.209387	1.0801E-2	670.508728
8	28	1.154303	1.0726E-2	668.478638
8	29	1.127115	1.0728E-2	680.753174
8	30	1.107895	1.0507E-2	679.168030
8	31	1.032152	1.0732E-2	724.638794
8	32	0.961186	1.1289E-2	805.406006
9	1	0.866792	7.5978E-3	638.303650
9	2	0.929828	8.4700E-3	656.356995
9	3	0.960876	9.1193E-3	680.516235
9	4	0.975559	9.5664E-3	699.013672
9	5	1.006166	9.8891E-3	704.268066
9	6	1.021017	1.0157E-2	707.387695
9	7	1.043075	1.0450E-2	722.473389
9	8	1.010698	1.0561E-2	739.418030
9	9	1.019648	1.0548E-2	727.215210
9	10	1.023159	1.0561E-2	726.239563
9	11	1.020317	1.0641E-2	731.813416
9	12	1.001401	1.0664E-2	741.691711
9	13	1.009831	1.0593E-2	734.259155
9	14	1.008873	1.0591E-2	732.307739
9	15	1.006492	1.0454E-2	727.064148
9	16	1.016066	1.0253E-2	708.942017
9	17	0.988343	1.0112E-2	724.805908
9	18	0.979230	1.0020E-2	730.667053
9	19	0.958369	9.9351E-3	730.093689
9	21	0.948718	9.7141E-3	723.057800
9	22	0.940617	9.4622E-3	725.573120
9	23	0.952039	9.6556E-3	728.578674
9	24	0.954904	9.7708E-3	727.549133
9	25	0.969901	9.7596E-3	720.515686
9	26	0.995325	9.6037E-3	699.112610
9	27	0.993791	9.5986E-3	698.945496
9	28	0.968784	9.6491E-3	715.343018
9	29	0.949393	9.4515E-3	717.395752
9	30	0.958469	9.0852E-3	690.737244
9	31	0.950737	8.9732E-3	687.032959
9	32	0.930354	8.4146E-3	661.807434
10	1	0.900406	7.9833E-3	650.007080
10	2	0.960426	8.6728E-3	660.261780
10	3	0.975116	8.9950E-3	671.338074
10	4	1.009206	9.5502E-3	691.682861
10	5	1.021548	9.8408E-3	701.235535
10	6	1.017361	1.0112E-2	713.324219
10	7	1.035940	1.0215E-2	706.913208
10	8	0.803026	1.0267E-2	718.344177
10	9	1.036935	1.0548E-2	722.518127
10	10	1.028567	1.0567E-2	732.544495
10	11	1.033334	1.0526E-2	728.572571
10	12	1.035199	1.0593E-2	729.107239
10	13	1.033966	1.0762E-2	740.509705
10	14	1.018638	1.0652E-2	740.508850
10	15	1.001128	1.0506E-2	748.478821
10	16	1.031868	1.0280E-2	714.872131
10	17	1.017248	1.0145E-2	722.209961
10	18	1.007892	1.0110E-2	728.600220
10	19	0.994569	1.0023E-2	725.545837
10	20	0.978003	9.8192E-3	722.053955
10	21	0.972829	9.6948E-3	725.659607
10	22	0.945061	9.5934E-3	732.079956
10	23	0.956037	9.3930E-3	712.404846
10	24	0.938267	9.4747E-3	726.338135
10	25	0.905265	9.1885E-3	725.762573
10	26	0.912871	9.2316E-3	719.575806
10	27	0.928492	9.1433E-3	703.121155
10	28	0.908721	9.2842E-3	722.040100
10	29	0.607637	9.1857E-3	748.756653
10	30	0.864079	9.2673E-3	763.290833
10	31	0.911344	9.0135E-3	716.560059
10	32	0.924388	8.3611E-3	667.894226
11	1	0.634952	4.5554E-3	556.057007
11	2	0.651762	4.7150E-3	553.297302
11	3	0.667322	4.8934E-3	560.494507
11	4	0.673627	4.9004E-3	559.619873
11	5	0.689414	4.9568E-3	556.635925
11	6	0.698811	4.9824E-3	547.234802
11	7	0.741513	5.8202E-3	577.320068
11	8	0.746539	5.8743E-3	575.995850
11	9	0.756071	5.8656E-3	570.352600
11	10	0.778160	6.1902E-3	579.302673
11	11	0.773932	6.1414E-3	576.118225
11	12	0.776968	6.0144E-3	568.787537
11	13	0.773041	5.8713E-3	562.270020
11	14	0.773335	5.8400E-3	560.828125
11	15	0.763247	5.8644E-3	559.409729
11	16	0.747554	5.4528E-3	542.743774
11	17	0.774755	5.8810E-3	563.919250
11	18	0.757478	5.3411E-3	541.301636
11	19	0.766377	5.3827E-3	542.122925
11	20	0.814434	6.2243E-3	570.836731
11	21	0.825704	6.2848E-3	570.758850
11	22	0.848292	6.5973E-3	582.787903
11	23	0.866150	6.5454E-3	573.073486
11	24	0.882808	6.8433E-3	585.035950
11	25	0.903395	7.0242E-3	590.503784
11	26	0.915947	7.1877E-3	593.651001
11	27	0.944273	7.2838E-3	584.595215
11	28	0.954827	7.6474E-3	600.152039
11	29	0.965367	7.8420E-3	610.180786
11	30	0.992804	8.0561E-3	612.761353
11	31	1.008222	8.2682E-3	620.701721
11	32	0.993377	7.7787E-3	597.245605
12	1	0.714955	5.5019E-3	560.290405
12	4	0.743637	5.9722E-3	598.842957
12	7	0.772203	6.0937E-3	600.064514
12	9	0.788923	7.1685E-3	643.049255
12	10	0.687680	6.2388E-3	632.385620
12	11	0.718598	6.3213E-3	624.394958
12	12	0.815172	7.7482E-3	662.786255
12	13	0.830373	7.8464E-3	668.074036
12	14	0.838334	7.9543E-3	657.738953
12	15	0.858245	7.9874E-3	655.764893
12	16	0.881885	8.1624E-3	656.986633
12	17	0.883883	8.3504E-3	667.756470
12	18	0.912898	8.1869E-3	642.757629
12	19	0.909877	8.4647E-3	661.595886
12	20	0.951816	8.0461E-3	623.902832
12	22	0.933958	9.3200E-3	706.890320
12	23	0.942743	9.7354E-3	735.209473
12	25	0.971602	9.9799E-3	735.815674
12	27	0.958951	1.0682E-2	794.678223
12	28	1.044280	1.0380E-2	724.835999
12	29	1.090801	1.0498E-2	708.091980
12	30	1.099727	1.0489E-2	704.948853
12	31	1.080908	1.0499E-2	715.161865
