# draft resonant frequencies for mux1 - July 2015
# frequncies are in GHz
5.39211901367
5.4010231655
5.40797953412
5.41326637427
5.41938797865
5.42578783778
5.43135293268
5.43747453706
5.4488829816
5.45528284073
5.46168269986
5.46585652103
5.47364765388
5.47865623929
5.48394307944
5.49062119331
5.49757756193
5.5042556758
5.51093378968
5.51677713932
5.52262048895
5.52929860283
5.53542020721
5.54070704736
5.54710690649
5.55350676562
5.55962837001
5.56463695541
5.57242808826
5.57854969265
5.58494955178
5.59051464667
5.59719276055
5.60359261968
