# draft resonant frequencies for mux2 - July 2015
# frequncies are in GHz
5.39508102452
5.40375936949
5.41065099638
5.41601115063
5.42239228664
5.42851817722
5.4341335769
5.44025946748
5.44587486717
5.45097977597
5.45787140287
5.463742048
5.46961269313
5.4757385837
5.48058824707
5.48696938308
5.49258478277
5.49947640966
5.50687852743
5.513004418
5.51887506313
5.52449046282
5.53112684427
5.5369974894
5.54286813453
5.54924927054
5.55588565199
5.56226678801
5.56813743314
5.57375283283
5.58013396884
5.58677035029
5.59213050454
5.59825639511
5.6038717948
