60445785.522461 -14.880597 8.339006  123.624039 1
61047554.016113 -14.285959 6.237552  126.798187 2
61497926.712036 -14.351539 4.091682  117.093727 3
63126802.444458 -14.148111 -1.972299  78.427872 5
63807487.487793 -14.313252 -5.456478  56.901527 7
63969612.121582 -13.630119 -7.995306  59.169907 8
64158678.054810 -13.789393 -11.676086  27.714872 9
66464185.714722 -19.285583 2.019439  176.550003 13
67156553.268433 -19.030542 1.927985  198.612259 15
67694902.420044 -19.105562 -0.097301  144.124435 17
68247556.686401 -19.013990 -2.013632  125.367699 19
69103002.548218 -18.938147 -6.503859  91.262146 22
69220066.070557 -18.491253 -8.287138  95.658043 23
69494247.436523 -17.761284 -10.250432  115.554428 24
70781707.763672 -16.311331 3.046599  348.172668 28
71376085.281372 -18.660427 2.341141  292.182983 30
74268102.645874 -19.978962 -5.359858  185.459930 44
74479579.925537 -17.571466 -6.346249  385.882568 45
75817108.154297 -15.624519 5.038629  384.663513 51
76799631.118774 -18.992023 5.501009  151.162491 54
77464818.954468 -19.869968 4.661296  134.831329 57
77816247.940063 -16.380404 9.249683  168.391190 60
78662157.058716 -16.606703 7.420532  172.669891 67
79477548.599243 -16.457943 3.610595  132.877625 72
80331087.112427 -16.485464 2.527572  123.887878 77
81072807.312012 -17.293861 -0.712514  463.637238 80
81705808.639526 -19.369856 -8.392970  137.911499 84
81904411.315918 -16.564165 -3.358805  176.447845 85
82427978.515625 -16.193645 -3.308915  103.207901 87
83098649.978638 -16.092289 -5.233696  85.379791 91
83383560.180664 -16.883137 -9.783784  379.666016 93
83817720.413208 -15.991683 -9.921786  102.892204 94
106161594.390869 -0.000000 10.000000  0.000000 105
107357740.402222 0.040958 7.948634  28.511688 106
108506917.953491 0.001966 6.027490  46.323032 107
108989953.994751 -0.181830 4.948498  30.897343 108
109207391.738892 -0.182435 4.153861  27.630184 109
109640598.297119 0.091727 2.684410  13.919810 110
110267400.741577 0.024345 1.887311  38.046158 111
110453367.233276 -0.118946 0.601245  20.176216 112
110795021.057129 0.064163 -0.362383  28.661156 113
111182451.248169 -0.099913 -1.259498  9.831124 114
111307382.583618 -0.178972 -2.426182  13.661142 115
111390829.086304 0.088676 -3.634429  9.613785 116
111612796.783447 -0.026409 -4.522393  17.691713 117
111881017.684937 -0.318930 -6.231587  25.441963 118
111988067.626953 0.062137 -7.588896  25.195887 119
111997365.951538 0.064218 -6.436310  38.494949 120
112073659.896851 0.017471 -8.969245  9.613775 121
112113952.636719 0.000000 -10.000000  0.000000 122
112781286.239624 4.569284 10.002491  34.868038 123
113530635.833740 4.816909 9.171964  19.207218 124
114027738.571167 4.667908 8.137829  18.326967 125
115157604.217529 4.890855 6.169549  18.756355 126
115713357.925415 4.824817 5.054263  28.885384 127
115918874.740601 4.881757 3.962115  21.660181 128
116284132.003784 4.872704 3.048684  8.283833 129
116895675.659180 4.604721 1.992048  8.166717 130
117083549.499512 4.688619 1.190245  15.885859 131
117359876.632690 4.870954 0.045927  22.129421 132
117711544.036865 5.041715 -1.271645  21.443108 133
118000030.517578 4.991030 -2.271311  24.833475 134
118062496.185303 4.894965 -3.298108  38.842495 135
118195533.752441 4.932051 -4.243619  41.225189 136
118611097.335815 4.667702 -7.709424  26.731319 138
118698120.117188 4.846922 -8.907713  53.504288 139
118737936.019897 4.840146 -9.998783  47.549412 140
119286298.751831 9.431290 9.187868  19.785040 141
119738578.796387 9.589557 8.131280  11.651991 142
120281934.738159 9.478312 7.188622  12.453899 143
120925903.320312 9.420630 6.187720  13.462004 144
121432781.219482 9.345302 5.152384  5.801348 145
121726751.327515 9.435097 4.155450  12.694909 146
122169971.466064 9.583899 2.979052  15.052391 147
122763395.309448 9.634283 1.954716  24.615339 148
123060941.696167 9.570208 0.838033  30.137379 149
123367786.407471 9.536777 -0.050348  31.756073 150
123793601.989746 9.664431 -1.142337  22.931759 151
123894691.467285 9.657883 -2.174647  13.976294 152
124039411.544800 9.524380 -3.229752  29.177486 153
124285459.518433 9.866463 -4.259001  50.488144 154
124472856.521606 9.727522 -5.431809  43.266296 155
124529600.143433 9.698580 -7.683550  92.475044 156
124605655.670166 9.551679 -6.511487  65.780998 157
124697446.823120 9.451546 -9.121300  51.057892 158
124725818.634033 13.973695 10.243468  14.381834 159
125274419.784546 14.192289 9.692899  7.831594 160
125863552.093506 14.033636 8.290722  10.867275 161
126517295.837402 14.095509 7.196308  14.782915 162
127099514.007568 14.105672 6.201334  19.427862 163
127653837.203979 14.100889 4.918905  27.696285 164
128239870.071411 14.316985 4.056860  33.402225 165
128773450.851440 14.261398 3.060930  45.099586 166
129023551.940918 14.179123 2.026808  27.580103 167
129419565.200806 14.201842 0.965222  20.235207 168
129787683.486938 14.352710 -0.207674  35.149117 169
130139589.309692 14.341394 -1.181897  40.609032 170
130269050.598145 14.458495 -2.206711  68.543983 171
130330801.010132 14.435146 -3.232786  82.767937 172
130381584.167480 14.200109 -4.381231  65.363617 173
130604982.376099 14.258763 -7.496327  97.993805 175
130721569.061279 14.180201 -5.529089  53.356110 176
130786895.751953 14.227235 -9.441675  122.372635 177
130808115.005493 14.453380 -8.529054  119.816345 178
130875349.044800 14.245600 -6.501953  56.948288 179
131099700.927734 1.428448 9.536631  24.971188 181
131641626.358032 18.915339 8.135331  25.379639 182
131896018.981934 1.393252 8.706937  24.651770 183
132299184.799194 18.965435 7.049296  23.128691 184
132493972.778320 1.297946 7.620926  15.419765 185
132878303.527832 18.970449 6.189750  25.076187 186
132949590.682983 1.029329 6.677362  24.825981 187
133509874.343872 18.802431 5.342429  50.338409 188
133594751.358032 0.930748 5.768954  48.009678 189
134011983.871460 19.010466 4.188777  36.139618 190
134334802.627563 1.115515 4.645779  15.033108 191
134646415.710449 1.339376 3.534816  13.108680 192
134758710.861206 19.041557 1.950511  32.960419 193
135005950.927734 19.072239 0.697297  48.593796 194
135149717.330933 1.574933 2.411554  15.089672 195
135547161.102295 18.945904 2.953104  29.322012 197
135786771.774292 1.464030 1.581027  16.226261 199
135847806.930542 18.931204 -1.150253  105.652000 200
135929584.503174 18.464808 -2.648476  40.606895 201
135994195.938110 18.767187 -4.389102  94.243118 202
136063337.326050 18.712412 -3.479984  55.637115 203
136096000.671387 1.257665 0.470359  24.372959 204
136328935.623169 18.795118 -7.305576  144.002075 205
136392354.965210 18.238846 -9.533184  145.131866 206
136453151.702881 18.827602 -5.362151  104.008858 207
136496305.465698 1.298893 -0.611108  33.932991 208
136587858.200073 18.675409 -8.798361  116.635239 211
136935472.488403 1.343552 -1.623415  13.240146 212
137114048.004150 5.936583 9.759144  9.280764 213
137166738.510132 1.428835 -2.741445  8.295121 214
137330770.492554 1.389936 -3.940431  35.099689 215
137510776.519775 1.371252 -5.029492  24.933720 217
137851715.087891 1.234603 -6.140038  17.831909 218
137970209.121704 5.775486 8.670218  15.241399 219
138039350.509644 1.647839 -6.430311  39.449097 220
138039827.346802 1.307558 -6.749833  44.361248 221
138127326.965332 1.237740 -10.439066  13.280975 222
138157606.124878 1.248605 -9.151517  24.860216 223
138629198.074341 5.712510 7.749904  30.181097 224
139154434.204102 5.965588 6.607215  16.827816 226
139902353.286743 6.009786 5.524879  12.593453 229
140666723.251343 6.079503 4.663802  14.359098 231
140990257.263184 6.044560 3.463493  15.729697 233
141442298.889160 5.784913 2.520260  16.605392 236
142123222.351074 5.886289 1.457657  5.555155 245
142471790.313721 6.002873 0.312384  15.096644 246
142894744.873047 6.133056 -0.658092  17.443691 247
143250226.974487 6.301167 -1.720192  27.072477 249
143501520.156860 10.495517 9.455747  9.208026 250
143606185.913086 6.157749 -2.773215  31.445490 251
143736839.294434 6.004062 -3.745344  30.157431 252
143859148.025513 5.917686 -4.832984  33.428093 253
144061565.399170 6.117787 -5.984970  26.705498 254
144358634.948730 10.609659 8.623724  18.363501 255
144377470.016479 6.198158 -7.099755  30.693687 256
144442796.707153 6.120763 -8.330026  41.968094 257
144595861.434937 6.025756 -9.353847  57.245926 258
144644021.987915 5.859008 -10.379333  74.649803 259
144993543.624878 10.579405 7.600821  12.094493 260
145721673.965454 10.486845 6.694594  19.813585 261
146433830.261230 10.541574 5.544103  10.646185 262
147035121.917725 10.604702 4.509955  11.675444 263
147452354.431152 10.627638 3.506639  17.705715 264
148069143.295288 10.746515 2.423630  28.300709 265
148792266.845703 10.641076 1.281431  32.310646 266
149047851.562500 10.832888 0.448846  34.798359 267
149513483.047485 10.797134 -0.694700  37.406723 268
149829149.246216 15.142949 9.624154  14.978477 269
149964570.999146 10.864889 -1.554381  58.261284 270
150182723.999023 10.800685 -2.964336  24.971544 271
150336503.982544 10.852045 -3.989615  39.721779 272
150479793.548584 15.091515 8.684192  24.266909 273
150604486.465454 10.990120 -4.963717  47.352562 274
150806427.001953 10.922346 -6.018847  63.735432 275
150992155.075073 10.535892 -8.269570  87.897369 276
151004791.259766 10.718109 -7.075092  67.321472 277
151085376.739502 10.543874 -10.422029  81.391960 278
151099443.435669 10.564020 -9.023490  66.314796 279
151385784.149170 15.331491 7.677618  19.012840 280
152021646.499634 15.380618 6.353602  11.218483 281
152660369.873047 15.449409 5.495919  15.590635 282
153365850.448608 15.584464 4.520236  14.702466 283
153706789.016724 2.407105 9.999640  48.707829 284
154073238.372803 15.368441 3.471880  31.689476 285
154551744.461060 2.617293 9.140805  39.634281 286
154694080.352783 15.312813 2.473991  46.758636 287
154946088.790894 15.492261 1.525895  46.820023 288
155376434.326172 2.364038 8.121921  11.666525 289
155435562.133789 15.458982 0.262000  36.235161 290
155494689.941406 19.629622 9.437553  26.421524 291
155904531.478882 2.197580 7.349566  13.604639 292
155916213.989258 19.858416 8.515757  12.945490 293
156365871.429443 15.561127 -1.911958  51.082001 294
156495809.555054 15.545168 -2.822216  81.105072 295
156621217.727661 15.606601 -3.794247  83.408203 296
156757593.154907 15.440272 -4.943096  74.104507 297
156816482.543945 20.003008 7.519863  21.702177 298
156876325.607300 2.226166 6.091378  9.398909 299
157117843.627930 15.459000 -8.206053  80.387817 300
157266139.984131 15.350451 -6.148366  51.479393 301
157414197.921753 15.260693 -10.317159  117.035706 302
157427549.362183 15.192995 -7.062372  64.962418 303
157437086.105347 15.400888 -9.084084  137.725952 304
157699823.379517 19.690718 6.009206  48.319469 305
157700777.053833 20.328541 6.939454  21.294853 306
158149480.819702 2.450788 4.060003  12.742368 307
158400058.746338 19.865641 5.609291  42.645420 308
158733844.757080 2.586425 2.968798  12.026188 309
159165859.222412 19.983263 4.466014  70.528778 310
159567117.691040 2.655759 1.993631  24.990036 311
159784793.853760 20.264624 3.485935  62.970062 312
159958362.579346 2.674475 1.170331  18.596924 313
160367965.698242 20.327059 2.275018  30.277412 314
160503625.869751 2.384674 -0.121137  12.131541 315
160642623.901367 20.340910 1.218001  36.126938 317
160826921.463013 6.907864 10.346239  3.765572 318
160895109.176636 20.158123 0.139536  67.178825 319
160920143.127441 2.364820 -1.027132  36.554073 320
161345958.709717 2.135489 -1.997154  28.416309 321
161389350.891113 19.996782 -0.769718  91.827393 322
161516666.412354 2.703833 -3.447926  20.937164 323
161796331.405640 2.705765 -4.503424  12.641997 324
161917448.043823 6.996167 9.229789  6.551560 325
161930799.484253 19.938747 -1.883240  106.391998 326
162039756.774902 20.022539 -3.120787  87.859131 327
162159919.738770 2.527909 -5.584155  27.814997 328
162333250.045776 19.940578 -4.331153  43.749828 329
162377119.064331 2.346855 -6.722776  36.353416 330
162377834.320068 2.087177 -6.806279  29.417812 331
162404775.619507 20.050961 -5.295994  106.182983 332
162497282.028198 2.484899 -7.698348  46.431030 333
162698268.890381 7.008754 8.112016  10.234560 334
162720918.655396 19.896748 -7.633136  191.967102 335
162765979.766846 20.182831 -5.898231  114.573822 336
162766456.604004 20.223625 -7.096238  145.414001 337
162869691.848755 2.503534 -9.913083  28.546003 338
162893533.706665 19.646841 -10.357160  146.528473 339
162948846.817017 19.923183 -7.032896  161.973877 340
163111209.869385 19.628746 -9.360520  113.739563 341
163401365.280151 7.154225 7.014809  12.670994 343
164290904.998779 7.058448 6.049711  15.429405 345
165220260.620117 7.156332 5.106441  21.426228 348
165727376.937866 7.136128 4.135806  11.342524 349
166286230.087280 7.090820 3.250904  12.746906 352
167108297.348022 7.206120 2.043895  23.660089 355
167226314.544678 11.851008 10.271939  18.840635 356
167633056.640625 7.125645 1.191968  30.957935 358
168157339.096069 7.363263 -0.167203  9.862958 363
168217420.578003 11.728057 9.149659  15.943654 364
168613672.256470 7.306452 -1.221929  16.375465 368
169104576.110840 11.699047 8.186533  8.941598 369
169163942.337036 7.477002 -2.166926  21.945547 370
169303894.042969 7.258738 -3.275095  32.265041 371
169617891.311646 7.275497 -4.335922  43.240726 372
169871568.679810 7.248693 -5.480117  51.516434 373
169933080.673218 11.776134 7.440293  19.471163 374
170186281.204224 7.391690 -6.456975  48.007042 375
170196533.203125 7.182635 -8.175331  30.272568 376
170490503.311157 7.357321 -8.634497  35.084888 377
170602798.461914 7.258059 -9.719184  44.105103 378
170852899.551392 11.673519 6.242385  10.854269 379
171554088.592529 11.872432 5.272485  26.863924 380
172132253.646851 11.995644 4.062829  21.406574 381
172931432.723999 12.011712 2.825233  10.877868 382
173653364.181519 16.400002 10.399999  0.000000 383
173703908.920288 12.042348 2.000414  24.032349 384
174073696.136475 11.978601 0.947391  29.984375 385
174248218.536377 16.470516 9.290236  12.331469 386
174670696.258545 11.896083 0.092941  41.434753 387
175270795.822144 12.028146 -0.882851  53.690536 388
175349950.790405 16.415649 8.233134  20.221731 389
175591468.811035 12.117097 -2.063905  42.213486 390
175874471.664429 12.093273 -3.208479  43.429100 391
176185131.072998 13.276260 0.276996  427.523346 392
176510095.596313 12.050117 -5.377512  64.630699 393
176705360.412598 12.075326 -6.319545  76.341125 394
176717758.178711 11.926216 -7.119657  77.891159 395
176935195.922852 16.706553 6.084740  31.560081 396
176955699.920654 11.866127 -8.236193  83.035141 397
177005767.822266 11.792553 -9.522137  103.987244 398
177098512.649536 3.524786 9.725549  36.201859 399
177766799.926758 16.669054 5.192293  23.359627 400
178127527.236938 3.536943 8.730648  34.556885 401
178705930.709839 16.701395 4.305848  24.811069 402
178993940.353394 20.514761 9.857458  43.939682 403
179165363.311768 3.561883 7.727895  16.899179 404
179485797.882080 16.618912 3.022513  30.511814 405
179522514.343262 20.915661 9.022300  24.968559 406
179780006.408691 16.529303 2.114435  55.968872 407
180017471.313477 3.503524 6.790125  10.432179 408
180369853.973389 16.736753 1.076307  57.550125 409
180662155.151367 20.917912 8.221404  27.575094 410
181706428.527832 16.777822 -1.161102  38.423176 412
181746721.267700 20.916719 7.302877  16.127331 413
181911706.924438 3.687212 4.610362  20.152388 414
181949377.059937 16.677614 -2.243377  55.656296 415
182241678.237915 16.686790 -3.237897  90.048080 416
182314872.741699 16.643229 -4.182466  88.957924 417
182394027.709961 3.667077 3.403744  13.757759 418
182579040.527344 21.032753 6.274598  31.991344 419
182931184.768677 16.468861 -7.535773  84.621063 420
182978868.484497 16.657995 -5.243365  103.022095 421
183055162.429810 3.571299 2.438647  9.687501 422
183104753.494263 16.444138 -6.474751  97.444962 423
183278322.219849 16.482794 -8.588870  119.798416 424
183334112.167358 16.476917 -9.445391  137.284836 425
183503627.777100 21.205109 5.272874  35.102432 426
183838605.880737 8.156167 9.840488  7.551433 427
183937311.172485 3.673346 1.551834  15.099635 428
184022665.023804 17.368763 4.023966  466.169495 429
184319496.154785 21.129215 4.162610  73.287201 430
184440374.374390 3.697527 0.608294  14.328936 431
184991121.292114 21.330179 2.956310  66.615585 433
185047864.913940 3.742165 -0.596425  13.681309 434
185071229.934692 8.233371 8.669283  14.008900 435
185436487.197876 21.310734 1.926462  69.288986 436
185556650.161743 3.776999 -1.793671  33.177032 437
185781717.300415 21.427547 1.031381  44.807930 438
186008453.369141 8.438921 7.635491  11.990090 439
186142444.610596 3.728287 -2.794243  42.351784 441
186300516.128540 3.918319 -3.808045  19.774117 442
186467647.552490 3.871786 -4.751743  13.869386 443
186536073.684692 21.206314 -0.075919  74.661026 444
186851263.046265 8.505462 6.717504  17.468985 445
186900615.692139 3.601717 -6.004295  19.443697 446
187138319.015503 21.197762 -1.108792  72.059082 448
187227249.145508 3.537673 -7.119509  27.981731 449
187357902.526855 3.479855 -8.174762  46.079128 450
187377691.268921 21.240164 -2.133912  112.923264 451
187684297.561646 3.672648 -9.438644  37.266922 452
187708616.256714 21.336605 -3.194248  110.249382 453
187755584.716797 3.817421 -10.473699  38.899300 454
187871694.564819 21.307768 -4.340477  121.424973 456
187906742.095947 8.128558 5.691123  12.665033 457
188346385.955811 21.094334 -4.594613  149.065186 458
188492298.126221 21.019613 -6.366278  138.003510 459
188694000.244141 20.809444 -9.573537  180.592087 460
188758850.097656 20.899170 -8.420658  200.687225 461
188871860.504150 8.249368 4.605247  17.879744 462
189469575.881958 8.231700 3.517202  11.213574 463
190166473.388672 8.467793 2.515380  20.030771 464
190569162.368774 12.823601 9.630197  12.918997 466
191087722.778320 8.313007 1.538315  21.690865 468
191731929.779053 8.568849 0.336977  27.372154 470
192564249.038696 8.488814 -0.637333  18.711758 472
192755222.320557 12.890092 7.848560  12.217463 473
192856550.216675 8.115681 -1.721836  19.840397 475
193317413.330078 8.553061 -2.526763  27.033398 478
193675518.035889 12.981830 6.849250  17.392839 480
193987369.537354 8.405567 -4.923878  38.524834 483
194276094.436646 8.529078 -6.071344  52.518120 485
194646358.489990 8.404495 -7.989768  45.315758 486
194719791.412354 8.439712 -7.159094  49.734436 487
194761991.500854 12.888046 5.884225  24.588533 488
194888114.929199 8.387024 -9.020522  44.653130 489
194983243.942261 8.244106 -10.192988  43.727966 490
195652008.056641 12.990620 4.448595  20.859310 491
196251153.945923 13.148128 3.451220  41.585762 492
196814298.629761 17.442268 9.756418  10.037930 493
197169065.475464 13.106734 2.563035  47.012882 494
197592020.034790 17.635548 8.611525  15.092494 495
198095321.655273 12.993741 1.440632  17.766588 496
198466300.964355 13.201728 0.523942  32.728092 497
198672533.035278 17.811275 7.724001  15.120813 498
199215173.721313 13.226460 -0.728022  58.955902 499
199760913.848877 13.361483 -1.705174  60.953655 500
199829816.818237 17.711058 6.641237  33.641037 501
200155735.015869 13.333694 -2.848915  64.019295 502
200453281.402588 13.209570 -4.027543  40.758499 503
200760364.532471 13.126359 -5.058763  28.813419 504
200779914.855957 17.778864 5.784006  38.471630 505
201185464.859009 13.188287 -5.911314  60.730522 506
201441526.412964 13.040499 -7.939774  83.455917 507
201627969.741821 13.131673 -6.908751  84.092361 508
201771497.726440 13.007973 -9.023960  116.883278 509
202435016.632080 21.752007 9.298912  75.420486 511
202759742.736816 17.755552 3.659279  21.233398 512
203296184.539795 21.861195 8.468177  47.645088 513
203524589.538574 17.805096 2.690236  44.008682 514
203957080.841064 17.792112 1.348754  57.686943 515
204467058.181763 17.865610 0.430044  55.027863 516
204674482.345581 21.942011 7.661854  31.740669 517
205219030.380249 18.064728 -0.482076  92.051651 518
206091165.542603 17.785110 -1.714907  70.012947 520
206277608.871460 17.737917 -2.833905  49.120636 521
206655025.482178 17.670670 -3.576653  61.463543 522
206749916.076660 17.740940 -4.746156  93.710709 523
207509040.832520 17.896187 -5.804324  124.169739 526
207545995.712280 17.571318 -8.158529  64.387856 527
207768440.246582 17.599808 -7.028960  140.888443 528
207960844.039917 17.646111 -10.067644  129.063721 531

