0002   0.257 +/-  0.008   0.000
 ln Vsd:  0.00  0.00  0.00  0.00  0.00  0.00  0.00  0.00  0.00  0.00  0.00
    RMS   0.00  0.00  0.00  0.00  0.00  0.00  0.00  0.00  0.00  0.00  0.00
0012   0.245 +/-  0.005   0.000
 ln Vsd:  0.00  0.00  0.00  0.00  0.00  0.00  0.00  0.00  0.00  0.00  0.00
    RMS   0.00  0.00  0.00  0.00  0.00  0.00  0.00  0.00  0.00  0.00  0.00
0022   0.216 +/-  0.003   0.000
 ln Vsd:  0.00  0.00  0.00  0.00  0.00  0.00  0.00  0.00  0.00  0.00  0.00
    RMS   0.00  0.00  0.00  0.00  0.00  0.00  0.00  0.00  0.00  0.00  0.00
0032   0.190 +/-  0.011   0.000
 ln Vsd:  0.00  0.00  0.00  0.00  0.00  0.00  0.00  0.00  0.00  0.00  0.00
    RMS   0.00  0.00  0.00  0.00  0.00  0.00  0.00  0.00  0.00  0.00  0.00
0042   0.198 +/-  0.002   0.000
 ln Vsd:  0.00  0.00  0.00  0.00  0.00  0.00  0.00  0.00  0.00  0.00  0.00
    RMS   0.00  0.00  0.00  0.00  0.00  0.00  0.00  0.00  0.00  0.00  0.00
0052   0.219 +/-  0.008   0.000
 ln Vsd:  0.00  0.00  0.00  0.00  0.00  0.00  0.00  0.00  0.00  0.00  0.00
    RMS   0.00  0.00  0.00  0.00  0.00  0.00  0.00  0.00  0.00  0.00  0.00
0102   0.206 +/-  0.004   0.000
 ln Vsd:  0.00  0.00  0.00  0.00  0.00  0.00  0.00  0.00  0.00  0.00  0.00
    RMS   0.00  0.00  0.00  0.00  0.00  0.00  0.00  0.00  0.00  0.00  0.00
0112   0.205 +/-  0.005   0.000
 ln Vsd:  0.00  0.00  0.00  0.00  0.00  0.00  0.00  0.00  0.00  0.00  0.00
    RMS   0.00  0.00  0.00  0.00  0.00  0.00  0.00  0.00  0.00  0.00  0.00
0122   0.221 +/-  0.001   0.000
 ln Vsd:  0.00  0.00  0.00  0.00  0.00  0.00  0.00  0.00  0.00  0.00  0.00
    RMS   0.00  0.00  0.00  0.00  0.00  0.00  0.00  0.00  0.00  0.00  0.00
0132   0.205 +/-  0.001   0.000
 ln Vsd:  0.00  0.00  0.00  0.00  0.00  0.00  0.00  0.00  0.00  0.00  0.00
    RMS   0.00  0.00  0.00  0.00  0.00  0.00  0.00  0.00  0.00  0.00  0.00
0142   0.162 +/-  0.008   0.000
 ln Vsd:  0.00  0.00  0.00  0.00  0.00  0.00  0.00  0.00  0.00  0.00  0.00
    RMS   0.00  0.00  0.00  0.00  0.00  0.00  0.00  0.00  0.00  0.00  0.00
0152   0.199 +/-  0.001   0.000
 ln Vsd:  0.00  0.00  0.00  0.00  0.00  0.00  0.00  0.00  0.00  0.00  0.00
    RMS   0.00  0.00  0.00  0.00  0.00  0.00  0.00  0.00  0.00  0.00  0.00
0202   0.180 +/-  0.002   0.000
 ln Vsd:  0.00  0.00  0.00  0.00  0.00  0.00  0.00  0.00  0.00  0.00  0.00
    RMS   0.00  0.00  0.00  0.00  0.00  0.00  0.00  0.00  0.00  0.00  0.00
0212   0.199 +/-  0.001   0.000
 ln Vsd:  0.00  0.00  0.00  0.00  0.00  0.00  0.00  0.00  0.00  0.00  0.00
    RMS   0.00  0.00  0.00  0.00  0.00  0.00  0.00  0.00  0.00  0.00  0.00
0222   0.188 +/-  0.002   0.000
 ln Vsd:  0.00  0.00  0.00  0.00  0.00  0.00  0.00  0.00  0.00  0.00  0.00
    RMS   0.00  0.00  0.00  0.00  0.00  0.00  0.00  0.00  0.00  0.00  0.00
0232   0.161 +/-  0.003   0.000
 ln Vsd:  0.00  0.00  0.00  0.00  0.00  0.00  0.00  0.00  0.00  0.00  0.00
    RMS   0.00  0.00  0.00  0.00  0.00  0.00  0.00  0.00  0.00  0.00  0.00
0242   0.169 +/-  0.001   0.000
 ln Vsd:  0.00  0.00  0.00  0.00  0.00  0.00  0.00  0.00  0.00  0.00  0.00
    RMS   0.00  0.00  0.00  0.00  0.00  0.00  0.00  0.00  0.00  0.00  0.00
0252   0.181 +/-  0.006   0.000
 ln Vsd:  0.00  0.00  0.00  0.00  0.00  0.00  0.00  0.00  0.00  0.00  0.00
    RMS   0.00  0.00  0.00  0.00  0.00  0.00  0.00  0.00  0.00  0.00  0.00
0302   0.183 +/-  0.001   0.000
 ln Vsd:  0.00  0.00  0.00  0.00  0.00  0.00  0.00  0.00  0.00  0.00  0.00
    RMS   0.00  0.00  0.00  0.00  0.00  0.00  0.00  0.00  0.00  0.00  0.00
0312   0.171 +/-  0.002   0.000
 ln Vsd:  0.00  0.00  0.00  0.00  0.00  0.00  0.00  0.00  0.00  0.00  0.00
    RMS   0.00  0.00  0.00  0.00  0.00  0.00  0.00  0.00  0.00  0.00  0.00
0322   0.169 +/-  0.001   0.000
 ln Vsd:  0.00  0.00  0.00  0.00  0.00  0.00  0.00  0.00  0.00  0.00  0.00
    RMS   0.00  0.00  0.00  0.00  0.00  0.00  0.00  0.00  0.00  0.00  0.00
0332   0.169 +/-  0.001   0.000
 ln Vsd:  0.00  0.00  0.00  0.00  0.00  0.00  0.00  0.00  0.00  0.00  0.00
    RMS   0.00  0.00  0.00  0.00  0.00  0.00  0.00  0.00  0.00  0.00  0.00
0342   0.168 +/-  0.001   0.000
 ln Vsd:  0.00  0.00  0.00  0.00  0.00  0.00  0.00  0.00  0.00  0.00  0.00
    RMS   0.00  0.00  0.00  0.00  0.00  0.00  0.00  0.00  0.00  0.00  0.00
0352   0.170 +/-  0.001   0.000
 ln Vsd:  0.00  0.00  0.00  0.00  0.00  0.00  0.00  0.00  0.00  0.00  0.00
    RMS   0.00  0.00  0.00  0.00  0.00  0.00  0.00  0.00  0.00  0.00  0.00
0402   0.258 +/-  0.011   0.000
 ln Vsd:  0.00  0.00  0.00  0.00  0.00  0.00  0.00  0.00  0.00  0.00  0.00
    RMS   0.00  0.00  0.00  0.00  0.00  0.00  0.00  0.00  0.00  0.00  0.00
0412   0.182 +/-  0.002   0.000
 ln Vsd:  0.00  0.00  0.00  0.00  0.00  0.00  0.00  0.00  0.00  0.00  0.00
    RMS   0.00  0.00  0.00  0.00  0.00  0.00  0.00  0.00  0.00  0.00  0.00
0422   0.192 +/-  0.004   0.000
 ln Vsd:  0.00  0.00  0.00  0.00  0.00  0.00  0.00  0.00  0.00  0.00  0.00
    RMS   0.00  0.00  0.00  0.00  0.00  0.00  0.00  0.00  0.00  0.00  0.00
0432   0.164 +/-  0.003   0.000
 ln Vsd:  0.00  0.00  0.00  0.00  0.00  0.00  0.00  0.00  0.00  0.00  0.00
    RMS   0.00  0.00  0.00  0.00  0.00  0.00  0.00  0.00  0.00  0.00  0.00
0442   0.173 +/-  0.002   0.000
 ln Vsd:  0.00  0.00  0.00  0.00  0.00  0.00  0.00  0.00  0.00  0.00  0.00
    RMS   0.00  0.00  0.00  0.00  0.00  0.00  0.00  0.00  0.00  0.00  0.00
0452   0.180 +/-  0.009   0.000
 ln Vsd:  0.00  0.00  0.00  0.00  0.00  0.00  0.00  0.00  0.00  0.00  0.00
    RMS   0.00  0.00  0.00  0.00  0.00  0.00  0.00  0.00  0.00  0.00  0.00
0502   0.184 +/-  0.001   0.000
 ln Vsd:  0.00  0.00  0.00  0.00  0.00  0.00  0.00  0.00  0.00  0.00  0.00
    RMS   0.00  0.00  0.00  0.00  0.00  0.00  0.00  0.00  0.00  0.00  0.00
0512   0.145 +/-  0.004   0.000
 ln Vsd:  0.00  0.00  0.00  0.00  0.00  0.00  0.00  0.00  0.00  0.00  0.00
    RMS   0.00  0.00  0.00  0.00  0.00  0.00  0.00  0.00  0.00  0.00  0.00
0522   0.173 +/-  0.000   0.000
 ln Vsd:  0.00  0.00  0.00  0.00  0.00  0.00  0.00  0.00  0.00  0.00  0.00
    RMS   0.00  0.00  0.00  0.00  0.00  0.00  0.00  0.00  0.00  0.00  0.00
0532   0.092 +/-  0.009   0.000
 ln Vsd:  0.00  0.00  0.00  0.00  0.00  0.00  0.00  0.00  0.00  0.00  0.00
    RMS   0.00  0.00  0.00  0.00  0.00  0.00  0.00  0.00  0.00  0.00  0.00
0542   0.203 +/-  0.004   0.000
 ln Vsd:  0.00  0.00  0.00  0.00  0.00  0.00  0.00  0.00  0.00  0.00  0.00
    RMS   0.00  0.00  0.00  0.00  0.00  0.00  0.00  0.00  0.00  0.00  0.00
0552   0.160 +/-  0.002   0.000
 ln Vsd:  0.00  0.00  0.00  0.00  0.00  0.00  0.00  0.00  0.00  0.00  0.00
    RMS   0.00  0.00  0.00  0.00  0.00  0.00  0.00  0.00  0.00  0.00  0.00
0602   0.181 +/-  0.002   0.000
 ln Vsd:  0.00  0.00  0.00  0.00  0.00  0.00  0.00  0.00  0.00  0.00  0.00
    RMS   0.00  0.00  0.00  0.00  0.00  0.00  0.00  0.00  0.00  0.00  0.00
0612   0.164 +/-  0.001   0.000
 ln Vsd:  0.00  0.00  0.00  0.00  0.00  0.00  0.00  0.00  0.00  0.00  0.00
    RMS   0.00  0.00  0.00  0.00  0.00  0.00  0.00  0.00  0.00  0.00  0.00
0622   0.165 +/-  0.000   0.000
 ln Vsd:  0.00  0.00  0.00  0.00  0.00  0.00  0.00  0.00  0.00  0.00  0.00
    RMS   0.00  0.00  0.00  0.00  0.00  0.00  0.00  0.00  0.00  0.00  0.00
0632   0.159 +/-  0.001   0.000
 ln Vsd:  0.00  0.00  0.00  0.00  0.00  0.00  0.00  0.00  0.00  0.00  0.00
    RMS   0.00  0.00  0.00  0.00  0.00  0.00  0.00  0.00  0.00  0.00  0.00
0642   0.169 +/-  0.001   0.000
 ln Vsd:  0.00  0.00  0.00  0.00  0.00  0.00  0.00  0.00  0.00  0.00  0.00
    RMS   0.00  0.00  0.00  0.00  0.00  0.00  0.00  0.00  0.00  0.00  0.00
0652   0.160 +/-  0.002   0.000
 ln Vsd:  0.00  0.00  0.00  0.00  0.00  0.00  0.00  0.00  0.00  0.00  0.00
    RMS   0.00  0.00  0.00  0.00  0.00  0.00  0.00  0.00  0.00  0.00  0.00
0702   0.148 +/-  0.001   0.000
 ln Vsd:  0.00  0.00  0.00  0.00  0.00  0.00  0.00  0.00  0.00  0.00  0.00
    RMS   0.00  0.00  0.00  0.00  0.00  0.00  0.00  0.00  0.00  0.00  0.00
0712   0.159 +/-  0.000   0.000
 ln Vsd:  0.00  0.00  0.00  0.00  0.00  0.00  0.00  0.00  0.00  0.00  0.00
    RMS   0.00  0.00  0.00  0.00  0.00  0.00  0.00  0.00  0.00  0.00  0.00
0722   0.150 +/-  0.001   0.000
 ln Vsd:  0.00  0.00  0.00  0.00  0.00  0.00  0.00  0.00  0.00  0.00  0.00
    RMS   0.00  0.00  0.00  0.00  0.00  0.00  0.00  0.00  0.00  0.00  0.00
0732   0.153 +/-  0.000   0.000
 ln Vsd:  0.00  0.00  0.00  0.00  0.00  0.00  0.00  0.00  0.00  0.00  0.00
    RMS   0.00  0.00  0.00  0.00  0.00  0.00  0.00  0.00  0.00  0.00  0.00
0742   0.160 +/-  0.001   0.000
 ln Vsd:  0.00  0.00  0.00  0.00  0.00  0.00  0.00  0.00  0.00  0.00  0.00
    RMS   0.00  0.00  0.00  0.00  0.00  0.00  0.00  0.00  0.00  0.00  0.00
0752   0.154 +/-  0.002   0.000
 ln Vsd:  0.00  0.00  0.00  0.00  0.00  0.00  0.00  0.00  0.00  0.00  0.00
    RMS   0.00  0.00  0.00  0.00  0.00  0.00  0.00  0.00  0.00  0.00  0.00
0802   0.160 +/-  0.000   0.000
 ln Vsd:  0.00  0.00  0.00  0.00  0.00  0.00  0.00  0.00  0.00  0.00  0.00
    RMS   0.00  0.00  0.00  0.00  0.00  0.00  0.00  0.00  0.00  0.00  0.00
0812   0.156 +/-  0.000   0.000
 ln Vsd:  0.00  0.00  0.00  0.00  0.00  0.00  0.00  0.00  0.00  0.00  0.00
    RMS   0.00  0.00  0.00  0.00  0.00  0.00  0.00  0.00  0.00  0.00  0.00
0822   0.158 +/-  0.001   0.000
 ln Vsd:  0.00  0.00  0.00  0.00  0.00  0.00  0.00  0.00  0.00  0.00  0.00
    RMS   0.00  0.00  0.00  0.00  0.00  0.00  0.00  0.00  0.00  0.00  0.00
0832   0.159 +/-  0.000   0.000
 ln Vsd:  0.00  0.00  0.00  0.00  0.00  0.00  0.00  0.00  0.00  0.00  0.00
    RMS   0.00  0.00  0.00  0.00  0.00  0.00  0.00  0.00  0.00  0.00  0.00
0842   0.166 +/-  0.001   0.000
 ln Vsd:  0.00  0.00  0.00  0.00  0.00  0.00  0.00  0.00  0.00  0.00  0.00
    RMS   0.00  0.00  0.00  0.00  0.00  0.00  0.00  0.00  0.00  0.00  0.00
0852   0.162 +/-  0.001   0.000
 ln Vsd:  0.00  0.00  0.00  0.00  0.00  0.00  0.00  0.00  0.00  0.00  0.00
    RMS   0.00  0.00  0.00  0.00  0.00  0.00  0.00  0.00  0.00  0.00  0.00
0902   0.175 +/-  0.002   0.000
 ln Vsd:  0.00  0.00  0.00  0.00  0.00  0.00  0.00  0.00  0.00  0.00  0.00
    RMS   0.00  0.00  0.00  0.00  0.00  0.00  0.00  0.00  0.00  0.00  0.00
0912   0.164 +/-  0.001   0.000
 ln Vsd:  0.00  0.00  0.00  0.00  0.00  0.00  0.00  0.00  0.00  0.00  0.00
    RMS   0.00  0.00  0.00  0.00  0.00  0.00  0.00  0.00  0.00  0.00  0.00
0922   0.181 +/-  0.000   0.000
 ln Vsd:  0.00  0.00  0.00  0.00  0.00  0.00  0.00  0.00  0.00  0.00  0.00
    RMS   0.00  0.00  0.00  0.00  0.00  0.00  0.00  0.00  0.00  0.00  0.00
0932   0.159 +/-  0.000   0.000
 ln Vsd:  0.00  0.00  0.00  0.00  0.00  0.00  0.00  0.00  0.00  0.00  0.00
    RMS   0.00  0.00  0.00  0.00  0.00  0.00  0.00  0.00  0.00  0.00  0.00
0942   0.174 +/-  0.001   0.000
 ln Vsd:  0.00  0.00  0.00  0.00  0.00  0.00  0.00  0.00  0.00  0.00  0.00
    RMS   0.00  0.00  0.00  0.00  0.00  0.00  0.00  0.00  0.00  0.00  0.00
0952   0.167 +/-  0.001   0.000
 ln Vsd:  0.00  0.00  0.00  0.00  0.00  0.00  0.00  0.00  0.00  0.00  0.00
    RMS   0.00  0.00  0.00  0.00  0.00  0.00  0.00  0.00  0.00  0.00  0.00
1002   0.175 +/-  0.001   0.000
 ln Vsd:  0.00  0.00  0.00  0.00  0.00  0.00  0.00  0.00  0.00  0.00  0.00
    RMS   0.00  0.00  0.00  0.00  0.00  0.00  0.00  0.00  0.00  0.00  0.00
1012   0.173 +/-  0.002   0.000
 ln Vsd:  0.00  0.00  0.00  0.00  0.00  0.00  0.00  0.00  0.00  0.00  0.00
    RMS   0.00  0.00  0.00  0.00  0.00  0.00  0.00  0.00  0.00  0.00  0.00
1022   0.171 +/-  0.000   0.000
 ln Vsd:  0.00  0.00  0.00  0.00  0.00  0.00  0.00  0.00  0.00  0.00  0.00
    RMS   0.00  0.00  0.00  0.00  0.00  0.00  0.00  0.00  0.00  0.00  0.00
1032   0.184 +/-  0.003   0.000
 ln Vsd:  0.00  0.00  0.00  0.00  0.00  0.00  0.00  0.00  0.00  0.00  0.00
    RMS   0.00  0.00  0.00  0.00  0.00  0.00  0.00  0.00  0.00  0.00  0.00
1042   0.177 +/-  0.001   0.000
 ln Vsd:  0.00  0.00  0.00  0.00  0.00  0.00  0.00  0.00  0.00  0.00  0.00
    RMS   0.00  0.00  0.00  0.00  0.00  0.00  0.00  0.00  0.00  0.00  0.00
1052   0.182 +/-  0.001   0.000
 ln Vsd:  0.00  0.00  0.00  0.00  0.00  0.00  0.00  0.00  0.00  0.00  0.00
    RMS   0.00  0.00  0.00  0.00  0.00  0.00  0.00  0.00  0.00  0.00  0.00
1102   0.182 +/-  0.001   0.000
 ln Vsd:  0.00  0.00  0.00  0.00  0.00  0.00  0.00  0.00  0.00  0.00  0.00
    RMS   0.00  0.00  0.00  0.00  0.00  0.00  0.00  0.00  0.00  0.00  0.00
1112   0.184 +/-  0.001   0.000
 ln Vsd:  0.00  0.00  0.00  0.00  0.00  0.00  0.00  0.00  0.00  0.00  0.00
    RMS   0.00  0.00  0.00  0.00  0.00  0.00  0.00  0.00  0.00  0.00  0.00
1122   0.179 +/-  0.000   0.000
 ln Vsd:  0.00  0.00  0.00  0.00  0.00  0.00  0.00  0.00  0.00  0.00  0.00
    RMS   0.00  0.00  0.00  0.00  0.00  0.00  0.00  0.00  0.00  0.00  0.00
1132   0.182 +/-  0.002   0.000
 ln Vsd:  0.00  0.00  0.00  0.00  0.00  0.00  0.00  0.00  0.00  0.00  0.00
    RMS   0.00  0.00  0.00  0.00  0.00  0.00  0.00  0.00  0.00  0.00  0.00
1142   0.187 +/-  0.000   0.000
 ln Vsd:  0.00  0.00  0.00  0.00  0.00  0.00  0.00  0.00  0.00  0.00  0.00
    RMS   0.00  0.00  0.00  0.00  0.00  0.00  0.00  0.00  0.00  0.00  0.00
1152   0.187 +/-  0.001   0.000
 ln Vsd:  0.00  0.00  0.00  0.00  0.00  0.00  0.00  0.00  0.00  0.00  0.00
    RMS   0.00  0.00  0.00  0.00  0.00  0.00  0.00  0.00  0.00  0.00  0.00
1202   0.201 +/-  0.001   0.000
 ln Vsd:  0.00  0.00  0.00  0.00  0.00  0.00  0.00  0.00  0.00  0.00  0.00
    RMS   0.00  0.00  0.00  0.00  0.00  0.00  0.00  0.00  0.00  0.00  0.00
1212   0.198 +/-  0.001   0.000
 ln Vsd:  0.00  0.00  0.00  0.00  0.00  0.00  0.00  0.00  0.00  0.00  0.00
    RMS   0.00  0.00  0.00  0.00  0.00  0.00  0.00  0.00  0.00  0.00  0.00
1222   0.200 +/-  0.001   0.000
 ln Vsd:  0.00  0.00  0.00  0.00  0.00  0.00  0.00  0.00  0.00  0.00  0.00
    RMS   0.00  0.00  0.00  0.00  0.00  0.00  0.00  0.00  0.00  0.00  0.00
1232   0.196 +/-  0.000   0.000
 ln Vsd:  0.00  0.00  0.00  0.00  0.00  0.00  0.00  0.00  0.00  0.00  0.00
    RMS   0.00  0.00  0.00  0.00  0.00  0.00  0.00  0.00  0.00  0.00  0.00
1242   0.207 +/-  0.000   0.000
 ln Vsd:  0.00  0.00  0.00  0.00  0.00  0.00  0.00  0.00  0.00  0.00  0.00
    RMS   0.00  0.00  0.00  0.00  0.00  0.00  0.00  0.00  0.00  0.00  0.00
1252   0.206 +/-  0.001   0.000
 ln Vsd:  0.00  0.00  0.00  0.00  0.00  0.00  0.00  0.00  0.00  0.00  0.00
    RMS   0.00  0.00  0.00  0.00  0.00  0.00  0.00  0.00  0.00  0.00  0.00
1302   0.208 +/-  0.002   0.000
 ln Vsd:  0.00  0.00  0.00  0.00  0.00  0.00  0.00  0.00  0.00  0.00  0.00
    RMS   0.00  0.00  0.00  0.00  0.00  0.00  0.00  0.00  0.00  0.00  0.00
1312   0.186 +/-  0.002   0.000
 ln Vsd:  0.00  0.00  0.00  0.00  0.00  0.00  0.00  0.00  0.00  0.00  0.00
    RMS   0.00  0.00  0.00  0.00  0.00  0.00  0.00  0.00  0.00  0.00  0.00
1322   0.192 +/-  0.001   0.000
 ln Vsd:  0.00  0.00  0.00  0.00  0.00  0.00  0.00  0.00  0.00  0.00  0.00
    RMS   0.00  0.00  0.00  0.00  0.00  0.00  0.00  0.00  0.00  0.00  0.00
1332   0.198 +/-  0.002   0.000
 ln Vsd:  0.00  0.00  0.00  0.00  0.00  0.00  0.00  0.00  0.00  0.00  0.00
    RMS   0.00  0.00  0.00  0.00  0.00  0.00  0.00  0.00  0.00  0.00  0.00
1342   0.204 +/-  0.001   0.000
 ln Vsd:  0.00  0.00  0.00  0.00  0.00  0.00  0.00  0.00  0.00  0.00  0.00
    RMS   0.00  0.00  0.00  0.00  0.00  0.00  0.00  0.00  0.00  0.00  0.00
1352   0.200 +/-  0.000   0.000
 ln Vsd:  0.00  0.00  0.00  0.00  0.00  0.00  0.00  0.00  0.00  0.00  0.00
    RMS   0.00  0.00  0.00  0.00  0.00  0.00  0.00  0.00  0.00  0.00  0.00
1402   0.206 +/-  0.001   0.000
 ln Vsd:  0.00  0.00  0.00  0.00  0.00  0.00  0.00  0.00  0.00  0.00  0.00
    RMS   0.00  0.00  0.00  0.00  0.00  0.00  0.00  0.00  0.00  0.00  0.00
1412   0.213 +/-  0.001   0.000
 ln Vsd:  0.00  0.00  0.00  0.00  0.00  0.00  0.00  0.00  0.00  0.00  0.00
    RMS   0.00  0.00  0.00  0.00  0.00  0.00  0.00  0.00  0.00  0.00  0.00
1422   0.219 +/-  0.002   0.000
 ln Vsd:  0.00  0.00  0.00  0.00  0.00  0.00  0.00  0.00  0.00  0.00  0.00
    RMS   0.00  0.00  0.00  0.00  0.00  0.00  0.00  0.00  0.00  0.00  0.00
1432   0.215 +/-  0.001   0.000
 ln Vsd:  0.00  0.00  0.00  0.00  0.00  0.00  0.00  0.00  0.00  0.00  0.00
    RMS   0.00  0.00  0.00  0.00  0.00  0.00  0.00  0.00  0.00  0.00  0.00
1442   0.223 +/-  0.002   0.000
 ln Vsd:  0.00  0.00  0.00  0.00  0.00  0.00  0.00  0.00  0.00  0.00  0.00
    RMS   0.00  0.00  0.00  0.00  0.00  0.00  0.00  0.00  0.00  0.00  0.00
1452   0.218 +/-  0.001   0.000
 ln Vsd:  0.00  0.00  0.00  0.00  0.00  0.00  0.00  0.00  0.00  0.00  0.00
    RMS   0.00  0.00  0.00  0.00  0.00  0.00  0.00  0.00  0.00  0.00  0.00
1502   0.218 +/-  0.002   0.000
 ln Vsd:  0.00  0.00  0.00  0.00  0.00  0.00  0.00  0.00  0.00  0.00  0.00
    RMS   0.00  0.00  0.00  0.00  0.00  0.00  0.00  0.00  0.00  0.00  0.00
1512   0.217 +/-  0.003   0.000
 ln Vsd:  0.00  0.00  0.00  0.00  0.00  0.00  0.00  0.00  0.00  0.00  0.00
    RMS   0.00  0.00  0.00  0.00  0.00  0.00  0.00  0.00  0.00  0.00  0.00
1522   0.214 +/-  0.001   0.000
 ln Vsd:  0.00  0.00  0.00  0.00  0.00  0.00  0.00  0.00  0.00  0.00  0.00
    RMS   0.00  0.00  0.00  0.00  0.00  0.00  0.00  0.00  0.00  0.00  0.00
1532   0.195 +/-  0.004   0.000
 ln Vsd:  0.00  0.00  0.00  0.00  0.00  0.00  0.00  0.00  0.00  0.00  0.00
    RMS   0.00  0.00  0.00  0.00  0.00  0.00  0.00  0.00  0.00  0.00  0.00
1542   0.198 +/-  0.003   0.000
 ln Vsd:  0.00  0.00  0.00  0.00  0.00  0.00  0.00  0.00  0.00  0.00  0.00
    RMS   0.00  0.00  0.00  0.00  0.00  0.00  0.00  0.00  0.00  0.00  0.00
1552   0.206 +/-  0.001   0.000
 ln Vsd:  0.00  0.00  0.00  0.00  0.00  0.00  0.00  0.00  0.00  0.00  0.00
    RMS   0.00  0.00  0.00  0.00  0.00  0.00  0.00  0.00  0.00  0.00  0.00
1602   0.193 +/-  0.003   0.000
 ln Vsd:  0.00  0.00  0.00  0.00  0.00  0.00  0.00  0.00  0.00  0.00  0.00
    RMS   0.00  0.00  0.00  0.00  0.00  0.00  0.00  0.00  0.00  0.00  0.00
1612   0.193 +/-  0.001   0.000
 ln Vsd:  0.00  0.00  0.00  0.00  0.00  0.00  0.00  0.00  0.00  0.00  0.00
    RMS   0.00  0.00  0.00  0.00  0.00  0.00  0.00  0.00  0.00  0.00  0.00
1622   0.195 +/-  0.001   0.000
 ln Vsd:  0.00  0.00  0.00  0.00  0.00  0.00  0.00  0.00  0.00  0.00  0.00
    RMS   0.00  0.00  0.00  0.00  0.00  0.00  0.00  0.00  0.00  0.00  0.00
1632   0.193 +/-  0.001   0.000
 ln Vsd:  0.00  0.00  0.00  0.00  0.00  0.00  0.00  0.00  0.00  0.00  0.00
    RMS   0.00  0.00  0.00  0.00  0.00  0.00  0.00  0.00  0.00  0.00  0.00
1642   0.208 +/-  0.003   0.000
 ln Vsd:  0.00  0.00  0.00  0.00  0.00  0.00  0.00  0.00  0.00  0.00  0.00
    RMS   0.00  0.00  0.00  0.00  0.00  0.00  0.00  0.00  0.00  0.00  0.00
1652   0.208 +/-  0.001   0.000
 ln Vsd:  0.00  0.00  0.00  0.00  0.00  0.00  0.00  0.00  0.00  0.00  0.00
    RMS   0.00  0.00  0.00  0.00  0.00  0.00  0.00  0.00  0.00  0.00  0.00
1702   0.204 +/-  0.001   0.000
 ln Vsd:  0.00  0.00  0.00  0.00  0.00  0.00  0.00  0.00  0.00  0.00  0.00
    RMS   0.00  0.00  0.00  0.00  0.00  0.00  0.00  0.00  0.00  0.00  0.00
1712   0.197 +/-  0.001   0.000
 ln Vsd:  0.00  0.00  0.00  0.00  0.00  0.00  0.00  0.00  0.00  0.00  0.00
    RMS   0.00  0.00  0.00  0.00  0.00  0.00  0.00  0.00  0.00  0.00  0.00
1722   0.210 +/-  0.000   0.000
 ln Vsd:  0.00  0.00  0.00  0.00  0.00  0.00  0.00  0.00  0.00  0.00  0.00
    RMS   0.00  0.00  0.00  0.00  0.00  0.00  0.00  0.00  0.00  0.00  0.00
1732   0.214 +/-  0.001   0.000
 ln Vsd:  0.00  0.00  0.00  0.00  0.00  0.00  0.00  0.00  0.00  0.00  0.00
    RMS   0.00  0.00  0.00  0.00  0.00  0.00  0.00  0.00  0.00  0.00  0.00
1742   0.225 +/-  0.001   0.000
 ln Vsd:  0.00  0.00  0.00  0.00  0.00  0.00  0.00  0.00  0.00  0.00  0.00
    RMS   0.00  0.00  0.00  0.00  0.00  0.00  0.00  0.00  0.00  0.00  0.00
1752   0.233 +/-  0.002   0.000
 ln Vsd:  0.00  0.00  0.00  0.00  0.00  0.00  0.00  0.00  0.00  0.00  0.00
    RMS   0.00  0.00  0.00  0.00  0.00  0.00  0.00  0.00  0.00  0.00  0.00
1802   0.231 +/-  0.000   0.000
 ln Vsd:  0.00  0.00  0.00  0.00  0.00  0.00  0.00  0.00  0.00  0.00  0.00
    RMS   0.00  0.00  0.00  0.00  0.00  0.00  0.00  0.00  0.00  0.00  0.00
1812   0.231 +/-  0.001   0.000
 ln Vsd:  0.00  0.00  0.00  0.00  0.00  0.00  0.00  0.00  0.00  0.00  0.00
    RMS   0.00  0.00  0.00  0.00  0.00  0.00  0.00  0.00  0.00  0.00  0.00
1822   0.221 +/-  0.002   0.000
 ln Vsd:  0.00  0.00  0.00  0.00  0.00  0.00  0.00  0.00  0.00  0.00  0.00
    RMS   0.00  0.00  0.00  0.00  0.00  0.00  0.00  0.00  0.00  0.00  0.00
1832   0.233 +/-  0.001   0.000
 ln Vsd:  0.00  0.00  0.00  0.00  0.00  0.00  0.00  0.00  0.00  0.00  0.00
    RMS   0.00  0.00  0.00  0.00  0.00  0.00  0.00  0.00  0.00  0.00  0.00
1842   0.233 +/-  0.000   0.000
 ln Vsd:  0.00  0.00  0.00  0.00  0.00  0.00  0.00  0.00  0.00  0.00  0.00
    RMS   0.00  0.00  0.00  0.00  0.00  0.00  0.00  0.00  0.00  0.00  0.00
1852   0.260 +/-  0.003   0.000
 ln Vsd:  0.00  0.00  0.00  0.00  0.00  0.00  0.00  0.00  0.00  0.00  0.00
    RMS   0.00  0.00  0.00  0.00  0.00  0.00  0.00  0.00  0.00  0.00  0.00
1902   0.273 +/-  0.001   0.000
 ln Vsd:  0.00  0.00  0.00  0.00  0.00  0.00  0.00  0.00  0.00  0.00  0.00
    RMS   0.00  0.00  0.00  0.00  0.00  0.00  0.00  0.00  0.00  0.00  0.00
1912   0.303 +/-  0.003   0.000
 ln Vsd:  0.00  0.00  0.00  0.00  0.00  0.00  0.00  0.00  0.00  0.00  0.00
    RMS   0.00  0.00  0.00  0.00  0.00  0.00  0.00  0.00  0.00  0.00  0.00
1922   0.370 +/-  0.004   0.000
 ln Vsd:  0.00  0.00  0.00  0.00  0.00  0.00  0.00  0.00  0.00  0.00  0.00
    RMS   0.00  0.00  0.00  0.00  0.00  0.00  0.00  0.00  0.00  0.00  0.00
1932   0.338 +/-  0.006   0.000
 ln Vsd:  0.00  0.00  0.00  0.00  0.00  0.00  0.00  0.00  0.00  0.00  0.00
    RMS   0.00  0.00  0.00  0.00  0.00  0.00  0.00  0.00  0.00  0.00  0.00
1942   0.325 +/-  0.006   0.000
 ln Vsd:  0.00  0.00  0.00  0.00  0.00  0.00  0.00  0.00  0.00  0.00  0.00
    RMS   0.00  0.00  0.00  0.00  0.00  0.00  0.00  0.00  0.00  0.00  0.00
1952   0.314 +/-  0.010   0.000
 ln Vsd:  0.00  0.00  0.00  0.00  0.00  0.00  0.00  0.00  0.00  0.00  0.00
    RMS   0.00  0.00  0.00  0.00  0.00  0.00  0.00  0.00  0.00  0.00  0.00
2002   0.324 +/-  0.002   0.000
 ln Vsd:  0.00  0.00  0.00  0.00  0.00  0.00  0.00  0.00  0.00  0.00  0.00
    RMS   0.00  0.00  0.00  0.00  0.00  0.00  0.00  0.00  0.00  0.00  0.00
2012   0.301 +/-  0.004   0.000
 ln Vsd:  0.00  0.00  0.00  0.00  0.00  0.00  0.00  0.00  0.00  0.00  0.00
    RMS   0.00  0.00  0.00  0.00  0.00  0.00  0.00  0.00  0.00  0.00  0.00
2022   0.304 +/-  0.002   0.000
 ln Vsd:  0.00  0.00  0.00  0.00  0.00  0.00  0.00  0.00  0.00  0.00  0.00
    RMS   0.00  0.00  0.00  0.00  0.00  0.00  0.00  0.00  0.00  0.00  0.00
2032   0.319 +/-  0.001   0.000
 ln Vsd:  0.00  0.00  0.00  0.00  0.00  0.00  0.00  0.00  0.00  0.00  0.00
    RMS   0.00  0.00  0.00  0.00  0.00  0.00  0.00  0.00  0.00  0.00  0.00
2042   0.232 +/-  0.004   0.000
 ln Vsd:  0.00  0.00  0.00  0.00  0.00  0.00  0.00  0.00  0.00  0.00  0.00
    RMS   0.00  0.00  0.00  0.00  0.00  0.00  0.00  0.00  0.00  0.00  0.00
2052   0.313 +/-  0.004   0.000
 ln Vsd:  0.00  0.00  0.00  0.00  0.00  0.00  0.00  0.00  0.00  0.00  0.00
    RMS   0.00  0.00  0.00  0.00  0.00  0.00  0.00  0.00  0.00  0.00  0.00
2102   0.342 +/-  0.023   0.000
 ln Vsd:  0.00  0.00  0.00  0.00  0.00  0.00  0.00  0.00  0.00  0.00  0.00
    RMS   0.00  0.00  0.00  0.00  0.00  0.00  0.00  0.00  0.00  0.00  0.00
2112   0.324 +/-  0.044   0.000
 ln Vsd:  0.00  0.00  0.00  0.00  0.00  0.00  0.00  0.00  0.00  0.00  0.00
    RMS   0.00  0.00  0.00  0.00  0.00  0.00  0.00  0.00  0.00  0.00  0.00
2122   0.298 +/-  0.011   0.000
 ln Vsd:  0.00  0.00  0.00  0.00  0.00  0.00  0.00  0.00  0.00  0.00  0.00
    RMS   0.00  0.00  0.00  0.00  0.00  0.00  0.00  0.00  0.00  0.00  0.00
2132   0.336 +/-  0.011   0.000
 ln Vsd:  0.00  0.00  0.00  0.00  0.00  0.00  0.00  0.00  0.00  0.00  0.00
    RMS   0.00  0.00  0.00  0.00  0.00  0.00  0.00  0.00  0.00  0.00  0.00
2142   0.486 +/-  0.176   0.000
 ln Vsd:  0.00  0.00  0.00  0.00  0.00  0.00  0.00  0.00  0.00  0.00  0.00
    RMS   0.00  0.00  0.00  0.00  0.00  0.00  0.00  0.00  0.00  0.00  0.00
2152   0.091 +/-  0.436   0.000
 ln Vsd:  0.00  0.00  0.00  0.00  0.00  0.00  0.00  0.00  0.00  0.00  0.00
    RMS   0.00  0.00  0.00  0.00  0.00  0.00  0.00  0.00  0.00  0.00  0.00
2202   0.211 +/-  0.020   0.000
 ln Vsd:  0.00  0.00  0.00  0.00  0.00  0.00  0.00  0.00  0.00  0.00  0.00
    RMS   0.00  0.00  0.00  0.00  0.00  0.00  0.00  0.00  0.00  0.00  0.00
2212   0.399 +/-  0.029   0.000
 ln Vsd:  0.00  0.00  0.00  0.00  0.00  0.00  0.00  0.00  0.00  0.00  0.00
    RMS   0.00  0.00  0.00  0.00  0.00  0.00  0.00  0.00  0.00  0.00  0.00
2222   0.114 +/-  0.308   0.000
 ln Vsd:  0.00  0.00  0.00  0.00  0.00  0.00  0.00  0.00  0.00  0.00  0.00
    RMS   0.00  0.00  0.00  0.00  0.00  0.00  0.00  0.00  0.00  0.00  0.00
2232   0.482 +/-  0.065   0.000
 ln Vsd:  0.00  0.00  0.00  0.00  0.00  0.00  0.00  0.00  0.00  0.00  0.00
    RMS   0.00  0.00  0.00  0.00  0.00  0.00  0.00  0.00  0.00  0.00  0.00
2242   0.681 +/-  0.245   0.000
 ln Vsd:  0.00  0.00  0.00  0.00  0.00  0.00  0.00  0.00  0.00  0.00  0.00
    RMS   0.00  0.00  0.00  0.00  0.00  0.00  0.00  0.00  0.00  0.00  0.00
2252   0.527 +/-  0.284   0.000
 ln Vsd:  0.00  0.00  0.00  0.00  0.00  0.00  0.00  0.00  0.00  0.00  0.00
    RMS   0.00  0.00  0.00  0.00  0.00  0.00  0.00  0.00  0.00  0.00  0.00
2302   0.401 +/-  0.239   0.000
 ln Vsd:  0.00  0.00  0.00  0.00  0.00  0.00  0.00  0.00  0.00  0.00  0.00
    RMS   0.00  0.00  0.00  0.00  0.00  0.00  0.00  0.00  0.00  0.00  0.00
2312   0.402 +/-  0.186   0.000
 ln Vsd:  0.00  0.00  0.00  0.00  0.00  0.00  0.00  0.00  0.00  0.00  0.00
    RMS   0.00  0.00  0.00  0.00  0.00  0.00  0.00  0.00  0.00  0.00  0.00
2322   0.751 +/-  1.521   0.000
 ln Vsd:  0.00  0.00  0.00  0.00  0.00  0.00  0.00  0.00  0.00  0.00  0.00
    RMS   0.00  0.00  0.00  0.00  0.00  0.00  0.00  0.00  0.00  0.00  0.00
2332   0.389 +/-  0.055   0.000
 ln Vsd:  0.00  0.00  0.00  0.00  0.00  0.00  0.00  0.00  0.00  0.00  0.00
    RMS   0.00  0.00  0.00  0.00  0.00  0.00  0.00  0.00  0.00  0.00  0.00
2342   0.435 +/-  0.063   0.000
 ln Vsd:  0.00  0.00  0.00  0.00  0.00  0.00  0.00  0.00  0.00  0.00  0.00
    RMS   0.00  0.00  0.00  0.00  0.00  0.00  0.00  0.00  0.00  0.00  0.00
2352   0.480 +/-  0.057   0.000
 ln Vsd:  0.00  0.00  0.00  0.00  0.00  0.00  0.00  0.00  0.00  0.00  0.00
    RMS   0.00  0.00  0.00  0.00  0.00  0.00  0.00  0.00  0.00  0.00  0.00
