# CRUSH Pixel Data File
#
# Instrument: laboca
# Scan: 9571
# Object: 9 Metis
# Date: 2010-03-11T03:24:38 (MJD: 55266.1421064815)
# Project: T-084.F-0001-2009
# Exposure: 111.32000000000001 s.
# Equatorial: 13h53m49.72s -04d12m58.9s (J2000.0)
# Horizontal: 80d03m59.604s 32d16m04.184s
# CRUSH version: 2.02-1
#
# ch	gain	weight		flag	Gbox	Gcable	box	cable	amp
1	1.114 	1.031E15 	0x0	-0.047	1.368	1	1	16
2	0.933 	1.215E15 	0x0	1.549	0.738	1	1	17
3	1.103 	7.087E14 	0x0	0.147	1.305	1	1	18
4	0.000 	1.333E12 	0x202	-9.104	8.112	1	1	17
5	0.873 	3.045E14 	0x0	0.957	1.243	1	1	18
7	1.106 	8.080E14 	0x0	1.201	1.431	1	1	17
8	1.087 	3.900E14 	0x0	1.190	0.724	1	1	19
9	1.078 	4.382E14 	0x0	0.587	0.837	1	1	18
10	0.865 	8.678E14 	0x0	1.252	0.642	1	1	18
11	0.690 	6.574E14 	0x0	1.043	0.871	1	1	17
12	0.601 	1.393E14 	0x0	0.519	1.124	1	1	18
13	1.180 	1.236E15 	0x0	0.523	1.507	1	1	16
14	0.622 	5.148E14 	0x0	1.632	1.337	1	1	17
15	0.000 	1.080E15 	0x4	0.000	0.750	1	1	19
16	0.000 	1.322E15 	0x4	0.000	1.158	1	1	16
17	1.198 	1.498E15 	0x0	-0.440	2.266	1	3	28
18	1.185 	2.678E14 	0x0	-0.959	1.843	1	3	31
19	1.021 	1.854E15 	0x0	1.794	-0.003	1	3	28
20	0.423 	3.843E14 	0x0	-0.355	1.408	1	3	29
21	1.274 	1.378E15 	0x0	-0.293	2.173	1	3	30
22	0.997 	9.474E14 	0x0	1.688	0.784	1	3	29
23	1.000 	1.422E15 	0x0	2.242	-0.005	1	3	30
24	0.957 	1.582E15 	0x0	2.434	-0.161	1	3	29
25	1.035 	2.170E14 	0x0	0.233	1.279	1	3	28
26	1.284 	1.274E15 	0x0	-0.779	2.378	1	3	31
27	0.987 	5.173E14 	0x0	0.752	1.048	1	3	29
28	0.926 	7.538E14 	0x0	-1.005	2.847	1	3	30
29	0.000 	3.638E15 	0x4	0.000	0.388	1	3	30
30	0.905 	2.192E15 	0x0	2.255	0.015	1	3	29
31	1.085 	1.430E15 	0x0	0.473	1.290	1	3	30
32	1.094 	1.296E15 	0x0	1.031	0.886	1	3	28
33	0.000 	3.572E15 	0x4	0.000	0.286	1	3	31
34	0.968 	1.275E15 	0x0	1.123	1.056	1	2	24
35	0.000 	2.053E15 	0x4	0.000	0.593	1	3	31
36	0.913 	1.384E15 	0x0	0.858	1.432	1	2	24
37	0.640 	2.077E14 	0x0	0.475	-2.101	1	2	26
38	1.012 	1.246E13 	0x0	0.704	-0.758	1	2	24
39	1.037 	1.493E15 	0x0	1.252	1.736	1	2	25
40	0.000 	3.154E14 	0x4	0.000	-1.791	1	2	26
41	0.838 	8.160E14 	0x0	0.223	1.397	1	3	31
42	0.887 	9.048E14 	0x0	1.271	0.350	1	3	28
43	1.069 	2.051E15 	0x0	0.537	1.219	1	3	27
44	1.178 	1.113E15 	0x0	1.177	1.956	1	2	26
45	0.767 	1.348E15 	0x0	1.579	0.198	1	3	27
46	1.157 	1.546E15 	0x0	1.175	1.588	1	2	26
47	1.107 	5.897E14 	0x0	-0.220	1.705	1	3	26
48	0.869 	1.417E15 	0x0	1.496	1.862	1	2	25
49	0.368 	2.096E14 	0x0	0.044	-0.568	1	2	25
50	1.002 	5.747E14 	0x0	1.393	-0.624	1	2	25
51	1.112 	1.156E15 	0x0	0.548	1.053	1	2	23
52	0.838 	2.452E14 	0x0	1.466	-0.527	1	2	24
53	0.672 	2.174E14 	0x0	1.807	-0.588	1	2	24
54	0.946 	7.316E14 	0x0	1.471	0.696	1	2	23
55	0.932 	1.752E15 	0x0	1.603	0.782	1	1	20
56	1.051 	4.697E14 	0x0	0.249	0.776	1	1	20
57	1.002 	1.957E15 	0x0	1.907	0.199	1	3	27
58	1.019 	1.297E15 	0x0	1.283	0.422	1	3	27
59	0.636 	2.103E14 	0x0	0.523	-1.777	1	2	25
60	1.008 	1.617E15 	0x0	-0.032	1.352	1	3	27
61	0.930 	3.582E14 	0x0	0.257	0.556	1	2	22
62	1.034 	4.183E14 	0x0	1.297	1.847	1	1	20
63	1.098 	1.013E15 	0x0	1.687	1.154	1	2	22
65	0.871 	1.790E14 	0x0	-3.002	0.932	1	1	21
67	0.934 	6.610E14 	0x0	1.192	0.815	1	2	22
68	0.997 	2.953E14 	0x0	0.531	-0.694	1	2	23
69	1.058 	3.207E14 	0x0	1.328	-0.072	1	2	23
70	0.834 	2.784E14 	0x0	0.606	0.714	1	1	20
71	1.146 	1.260E15 	0x0	1.030	0.804	1	1	19
72	0.753 	1.756E14 	0x0	0.369	-1.221	1	2	23
73	1.067 	8.092E14 	0x0	0.811	0.722	1	2	22
74	1.051 	5.014E14 	0x0	2.420	0.669	1	2	22
75	0.701 	8.532E14 	0x0	0.359	0.573	1	2	21
76	1.140 	4.481E14 	0x0	-0.688	1.331	1	2	21
77	0.677 	2.443E14 	0x0	0.540	0.462	1	1	20
78	0.828 	2.033E15 	0x0	1.912	0.643	1	1	19
79	0.697 	1.293E15 	0x0	1.175	0.991	1	1	16
80	0.946 	2.199E15 	0x0	0.980	1.233	1	1	16
87	0.000 	4.665E14 	0x4	0.000	0.010	2	4	33
88	0.000 	4.967E12 	0x4	0.000	0.732	2	4	35
95	0.000 	4.534E14 	0x4	0.000	0.120	2	4	35
97	1.017 	1.345E15 	0x0	0.904	0.453	2	6	44
98	1.220 	2.264E14 	0x0	-0.417	1.769	2	6	47
99	0.784 	1.337E15 	0x0	2.778	-0.027	2	6	44
100	1.045 	1.678E15 	0x0	0.947	0.625	2	6	45
102	0.754 	8.960E14 	0x0	1.056	0.876	2	6	45
104	1.239 	1.028E15 	0x0	-0.764	1.715	2	6	45
105	0.682 	9.263E14 	0x0	1.856	1.371	2	6	44
107	0.894 	1.696E15 	0x0	0.638	1.441	2	6	45
108	1.264 	9.732E14 	0x0	-0.213	0.889	2	6	46
109	0.878 	2.078E15 	0x0	0.622	1.987	2	6	46
111	0.802 	1.699E15 	0x0	0.398	1.288	2	6	46
112	0.782 	1.703E15 	0x0	0.677	1.140	2	6	44
113	0.732 	1.237E15 	0x0	1.972	0.851	2	6	47
114	1.201 	5.882E14 	0x0	0.317	0.865	2	5	40
115	0.863 	1.261E15 	0x0	1.994	0.808	2	6	47
116	0.990 	7.999E14 	0x0	0.775	1.046	2	5	40
117	1.018 	1.412E15 	0x0	1.136	1.405	2	5	42
118	0.758 	6.561E14 	0x0	1.829	0.785	2	5	40
119	0.989 	5.154E14 	0x0	-0.663	1.089	2	5	41
120	0.636 	4.432E14 	0x0	2.606	2.090	2	5	42
121	1.192 	8.721E14 	0x0	0.795	1.508	2	6	47
122	1.037 	1.091E15 	0x0	0.048	2.709	2	6	44
123	0.774 	1.679E15 	0x0	1.286	1.380	2	6	43
124	0.000 	9.785E13 	0x4	0.000	-0.678	2	5	42
125	1.192 	1.354E15 	0x0	0.374	0.846	2	6	43
126	1.040 	1.978E14 	0x0	-1.229	0.992	2	5	42
127	1.131 	1.028E15 	0x0	-0.028	0.351	2	6	42
128	1.159 	9.198E14 	0x0	-1.606	0.875	2	5	41
129	1.165 	1.930E14 	0x0	0.816	0.286	2	5	41
130	1.309 	4.478E14 	0x0	-0.775	0.299	2	5	41
131	0.959 	1.132E12 	0x200	4.179	2.195	2	5	39
132	0.758 	6.789E14 	0x0	-0.903	0.316	2	5	40
133	0.854 	3.090E14 	0x0	1.613	0.546	2	5	40
134	0.802 	9.247E14 	0x0	1.465	1.395	2	5	39
135	0.000 	2.240E16 	0x4	0.000	1.610	2	4	36
137	1.214 	7.349E14 	0x0	0.258	0.912	2	6	43
138	1.000 	1.267E15 	0x0	0.656	0.397	2	6	43
139	0.000 	1.111E15 	0x4	0.000	0.542	2	5	41
140	1.112 	9.972E14 	0x0	1.815	-0.381	2	6	43
141	1.012 	1.221E15 	0x0	0.956	1.350	2	5	38
142	0.000 	2.385E14 	0x4	0.000	8.792	2	4	36
143	0.000 	9.383E14 	0x4	0.000	0.818	2	5	38
145	0.000 	2.648E15 	0x4	0.000	1.025	2	4	37
147	0.903 	1.046E15 	0x0	1.005	0.945	2	5	38
148	0.983 	1.381E15 	0x0	0.483	0.863	2	5	39
149	0.000 	1.612E15 	0x4	0.000	0.533	2	5	39
150	0.000 	1.525E15 	0x4	0.000	0.343	2	4	36
151	0.000 	8.974E15 	0x4	0.000	0.907	2	4	35
152	1.161 	6.623E14 	0x0	1.454	1.023	2	5	39
153	1.203 	1.789E15 	0x0	-0.559	1.266	2	5	38
154	0.811 	1.083E15 	0x0	1.894	0.943	2	5	38
155	1.114 	1.571E15 	0x0	0.017	1.347	2	5	37
156	0.667 	7.644E14 	0x0	1.833	1.652	2	5	37
157	0.000 	7.369E12 	0x4	0.000	0.662	2	4	36
158	0.000 	1.344E16 	0x4	0.000	0.967	2	4	35
161	1.128 	2.904E14 	0x0	0.572	-1.193	3	9	48
162	1.277 	1.746E14 	0x0	1.076	-0.609	3	9	49
163	0.000 	1.050E12 	0x202	-1.939	1.073	3	9	50
164	0.826 	2.029E14 	0x0	1.797	1.255	3	9	49
165	0.811 	1.505E15 	0x0	1.380	2.369	3	9	50
166	1.040 	1.834E14 	0x0	1.040	0.731	3	9	51
167	0.968 	3.167E14 	0x0	2.062	3.717	3	9	49
168	1.186 	3.782E14 	0x0	1.027	0.725	3	9	51
169	0.875 	4.870E14 	0x0	1.042	0.043	3	9	50
170	1.028 	3.548E14 	0x0	1.151	-0.196	3	9	50
171	0.938 	8.510E13 	0x0	0.550	-0.909	3	9	49
172	0.936 	3.233E14 	0x0	0.663	1.908	3	9	50
173	1.241 	2.346E14 	0x0	0.540	-1.010	3	9	48
174	0.936 	2.518E14 	0x0	1.658	3.142	3	9	49
175	0.873 	1.586E14 	0x0	0.863	0.848	3	9	51
176	0.977 	2.330E14 	0x0	0.726	-1.171	3	9	48
178	0.000 	2.255E13 	0x4	0.000	1.850	3	7	63
181	0.000 	7.556E14 	0x4	0.000	0.535	3	7	62
186	0.000 	2.122E14 	0x4	0.000	0.685	3	7	63
187	0.000 	1.521E15 	0x4	0.000	0.432	3	7	61
188	0.000 	1.111E15 	0x4	0.000	0.439	3	7	62
189	0.000 	1.065E16 	0x4	0.000	1.012	3	7	62
190	0.000 	3.160E15 	0x4	0.000	1.109	3	7	61
193	0.000 	8.138E15 	0x4	0.000	1.014	3	7	63
194	0.915 	1.977E14 	0x0	0.934	0.660	3	8	56
195	0.000 	3.040E15 	0x4	0.000	1.284	3	7	63
196	1.011 	6.305E13 	0x0	-0.333	0.652	3	8	56
197	0.901 	8.114E14 	0x0	1.462	1.375	3	8	58
198	1.259 	1.258E15 	0x0	1.298	1.453	3	8	56
199	1.051 	2.846E12 	0x200	-8.556	-8.561	3	8	57
200	0.000 	1.215E15 	0x4	0.000	0.416	3	8	58
204	28.698 	2.218E8 	0x6300	-965.762	-608.099	3	8	58
206	3.698 	3.399E10 	0x4200	-93.252	-79.470	3	8	58
209	0.812 	1.058E15 	0x0	1.633	1.164	3	8	57
210	1.166 	1.017E15 	0x0	1.048	1.267	3	8	57
211	1.237 	2.421E14 	0x0	0.737	0.812	3	8	55
212	1.089 	1.496E15 	0x0	1.572	1.437	3	8	56
213	0.748 	7.178E14 	0x0	1.116	0.816	3	8	56
214	0.996 	8.698E14 	0x0	1.155	0.980	3	8	55
215	1.018 	6.177E14 	0x0	0.793	0.553	3	9	52
216	0.816 	4.075E14 	0x0	1.294	0.717	3	9	52
219	0.692 	4.672E14 	0x0	0.797	0.397	3	8	57
221	0.862 	4.290E14 	0x0	0.903	0.023	3	8	54
222	1.078 	5.717E12 	0x0	3.475	6.602	3	9	52
223	1.115 	1.498E15 	0x0	1.108	1.514	3	8	54
225	0.822 	5.623E14 	0x0	0.425	0.875	3	9	53
227	1.050 	2.259E13 	0x0	0.427	1.512	3	8	54
229	1.168 	4.578E14 	0x0	1.386	1.586	3	8	55
230	0.964 	3.412E14 	0x0	0.796	0.711	3	9	52
231	1.020 	1.129E15 	0x0	0.631	-0.001	3	9	51
232	0.818 	6.981E14 	0x0	0.557	0.476	3	8	55
233	1.229 	1.195E14 	0x0	1.399	0.159	3	8	54
234	1.133 	6.934E14 	0x0	1.109	1.474	3	8	54
235	0.986 	4.724E14 	0x0	1.331	1.749	3	8	53
236	0.755 	6.290E14 	0x0	1.784	1.241	3	8	53
237	1.071 	3.846E14 	0x0	1.282	0.970	3	9	52
238	1.218 	1.051E15 	0x0	0.583	0.184	3	9	51
239	0.994 	1.087E14 	0x0	1.062	-0.939	3	9	48
240	1.222 	2.496E14 	0x0	0.754	-0.940	3	9	48
242	1.302 	1.009E14 	0x0	1.779	-2.006	4	10	65
243	1.313 	3.848E14 	0x0	1.418	0.134	4	10	66
244	1.059 	4.012E14 	0x0	1.181	0.177	4	10	65
245	1.224 	3.598E14 	0x0	1.469	0.300	4	10	66
246	1.395 	9.556E13 	0x0	1.038	0.774	4	10	67
247	0.989 	1.111E15 	0x0	0.764	0.427	4	10	65
248	1.033 	6.539E14 	0x0	1.408	0.470	4	10	67
249	1.078 	1.275E14 	0x0	1.095	-4.770	4	10	66
250	0.990 	1.246E14 	0x0	1.336	-3.837	4	10	66
251	1.179 	1.767E13 	0x0	0.621	-1.353	4	10	65
252	1.025 	4.900E14 	0x0	0.931	0.742	4	10	66
253	1.261 	2.158E14 	0x0	2.085	0.249	4	10	64
254	1.101 	8.029E14 	0x0	1.133	0.560	4	10	65
255	0.000 	1.099E15 	0x4	0.000	0.548	4	10	67
256	0.938 	4.907E14 	0x0	0.765	0.568	4	10	64
257	-1.269 	4.626E10 	0x300	-1.376	1.798	4	12	76
258	1.203 	2.580E14 	0x0	1.054	0.382	4	12	79
259	0.873 	6.184E14 	0x0	0.459	0.955	4	12	76
260	0.914 	4.872E13 	0x0	0.505	1.168	4	12	77
261	1.175 	9.166E14 	0x0	1.021	0.709	4	12	78
262	0.892 	2.849E14 	0x0	1.078	1.063	4	12	77
263	1.147 	1.476E15 	0x0	1.347	1.013	4	12	78
264	1.210 	7.307E14 	0x0	1.407	1.206	4	12	77
265	0.955 	1.605E14 	0x0	0.104	0.522	4	12	76
266	1.046 	1.031E15 	0x0	0.981	0.623	4	12	79
267	1.065 	4.958E14 	0x0	0.429	0.476	4	12	77
268	0.866 	1.939E15 	0x0	1.139	0.797	4	12	78
269	0.876 	5.080E14 	0x0	0.787	1.191	4	12	78
270	1.080 	1.006E15 	0x0	1.326	1.097	4	12	77
271	0.979 	1.739E15 	0x0	1.457	1.265	4	12	78
272	0.987 	1.315E14 	0x0	1.081	1.306	4	12	76
273	0.969 	9.103E14 	0x0	0.531	0.889	4	12	79
274	1.088 	2.523E15 	0x0	1.633	0.941	4	11	72
275	0.973 	8.885E14 	0x0	0.849	0.981	4	12	79
276	1.218 	9.894E14 	0x0	1.300	1.249	4	11	72
277	1.040 	7.088E14 	0x0	0.729	1.694	4	11	74
278	0.941 	3.525E14 	0x0	0.400	0.065	4	11	72
279	1.138 	1.600E15 	0x0	1.578	0.283	4	11	73
280	0.824 	9.893E14 	0x0	0.961	0.623	4	11	74
281	1.016 	1.370E15 	0x0	0.904	1.061	4	12	79
282	1.191 	7.331E14 	0x0	1.592	1.255	4	12	76
283	1.015 	2.929E14 	0x0	0.573	0.825	4	12	75
284	0.000 	4.403E14 	0x4	0.000	0.002	4	11	74
285	1.207 	3.149E14 	0x0	1.293	1.323	4	12	75
286	1.076 	1.169E15 	0x0	1.519	0.525	4	11	74
287	1.278 	3.518E14 	0x0	1.375	1.258	4	12	74
288	0.962 	1.881E14 	0x0	0.588	-2.076	4	11	73
289	0.954 	2.519E14 	0x0	0.709	1.799	4	11	73
290	0.912 	1.206E15 	0x0	1.061	1.679	4	11	73
291	1.121 	1.535E15 	0x0	1.616	0.595	4	11	71
292	1.209 	1.223E15 	0x0	1.864	0.872	4	11	72
293	1.128 	1.176E15 	0x0	0.627	1.822	4	11	72
294	0.807 	1.953E15 	0x0	0.668	1.531	4	11	71
295	0.000 	2.264E14 	0x4	0.000	-2.977	4	10	68
296	1.157 	3.926E14 	0x0	-0.154	0.511	4	10	68
297	1.021 	6.071E14 	0x0	1.210	1.045	4	12	75
298	1.012 	7.266E14 	0x0	1.296	1.244	4	12	75
299	0.960 	7.897E14 	0x0	0.861	0.942	4	11	73
300	0.959 	4.032E14 	0x0	0.680	1.052	4	12	75
301	0.961 	1.069E15 	0x0	0.617	1.824	4	11	70
302	0.000 	9.780E12 	0x4	0.000	-13.805	4	10	68
303	1.157 	8.072E14 	0x0	1.612	0.196	4	11	70
305	1.211 	1.305E14 	0x0	0.494	0.628	4	10	69
307	0.999 	1.391E13 	0x0	0.583	1.799	4	11	70
308	1.109 	9.971E14 	0x0	1.747	0.564	4	11	71
310	0.000 	1.859E15 	0x4	0.000	0.280	4	10	68
311	0.000 	1.173E14 	0x4	0.000	-4.276	4	10	67
312	0.987 	7.165E14 	0x0	0.525	0.788	4	11	71
313	1.130 	7.873E14 	0x0	1.436	0.769	4	11	70
314	0.905 	1.502E14 	0x0	0.776	0.603	4	11	70
315	1.215 	8.625E14 	0x0	1.081	0.838	4	11	69
316	0.902 	1.374E15 	0x0	0.228	2.078	4	11	69
317	0.000 	1.966E15 	0x4	0.000	0.259	4	10	68
318	1.227 	1.936E14 	0x0	1.682	-3.017	4	10	67
319	1.071 	1.255E13 	0x0	-0.155	-1.248	4	10	64
320	0.996 	1.196E14 	0x0	-0.185	-0.033	4	10	64
