# BEch	gain	weight		flag	Gwafer	Gsquid
1	0.000 	5.595E2 	0x2 	0.001	1.000
2	0.000 	4.622E2 	0x2 	-0.002	1.000
3	0.000 	2.902E2 	0x2 	-0.000	1.000
4	0.000 	2.529E2 	0x2 	-0.001	1.000
5	0.000 	6.330E2 	0x2 	0.001	1.000
6	0.000 	4.673E2 	0x2 	0.001	1.000
7	0.000 	1.556E3 	0x2 	-0.000	1.000
8	0.000 	7.211E2 	0x2 	0.000	1.000
9	1.094 	6.637E-2 	0x0 	0.922	1.000
10	1.356 	6.037E-3 	0x0 	0.062	1.000
11	1.429 	3.093E-2 	0x0 	1.684	1.000
12	1.210 	1.819E-1 	0x0 	1.314	1.000
13	0.966 	7.292E-1 	0x0 	0.850	1.000
14	0.974 	1.143E0 	0x0 	0.857	1.000
15	0.643 	1.148E0 	0x0 	0.495	1.000
16	0.000 	3.517E0 	0x2 	0.019	1.000
17	1.360 	5.728E-1 	0x0 	1.507	1.000
18	1.497 	7.529E-1 	0x0 	1.385	1.000
19	1.053 	1.180E0 	0x0 	1.049	1.000
20	0.982 	6.369E-1 	0x0 	0.827	1.000
21	0.948 	1.000E0 	0x0 	0.771	1.000
22	0.000 	2.546E0 	0x2 	-0.018	1.000
23	1.099 	7.195E-1 	0x0 	1.267	1.000
24	0.905 	2.513E-1 	0x0 	1.069	1.000
25	1.027 	8.147E-1 	0x0 	1.065	1.000
26	0.908 	6.307E-1 	0x0 	0.870	1.000
27	1.090 	8.369E-1 	0x0 	0.984	1.000
28	0.947 	6.831E-1 	0x0 	0.789	1.000
29	1.413 	3.559E-1 	0x0 	0.897	1.000
30	0.001 	1.210E2 	0x300 	0.002	1.000
31	0.889 	7.705E-1 	0x0 	1.037	1.000
32	0.000 	1.599E0 	0x2 	-0.074	1.000
33	1.065 	3.778E-2 	0x0 	1.555	1.000
34	1.031 	1.753E-1 	0x0 	1.256	1.000
35	0.000 	9.495E-1 	0x2 	-0.024	1.000
36	0.883 	1.072E-2 	0x0 	0.154	1.000
37	1.709 	9.307E-2 	0x800 	1.222	1.000
38	1.397 	2.227E-1 	0x0 	1.191	1.000
39	0.000 	9.450E-1 	0x2 	-0.065	1.000
40	0.883 	1.401E-3 	0x200 	-3.114	1.000
41	1.585 	5.325E-1 	0x0 	1.721	1.000
42	1.168 	1.057E0 	0x0 	1.246	1.000
43	1.294 	8.309E-1 	0x0 	1.220	1.000
44	1.384 	6.693E-1 	0x0 	0.865	1.000
45	1.259 	6.101E-1 	0x0 	0.520	1.000
46	1.248 	5.672E-1 	0x0 	0.527	1.000
47	0.973 	6.025E-1 	0x0 	0.805	1.000
48	0.000 	1.478E0 	0x2 	-0.000	1.000
49	1.255 	1.021E0 	0x0 	1.000	1.000
50	1.389 	1.083E0 	0x200 	1.078	1.000
51	1.408 	9.041E-1 	0x0 	1.269	1.000
52	1.290 	5.572E-1 	0x0 	0.986	1.000
53	1.243 	8.210E-2 	0x0 	1.062	1.000
54	1.325 	2.537E-2 	0x0 	-0.038	1.000
55	0.905 	5.347E-2 	0x0 	0.207	1.000
56	0.000 	2.141E0 	0x2 	-0.029	1.000
57	0.000 	2.099E0 	0x2 	-0.017	1.000
58	0.000 	2.273E0 	0x2 	0.006	1.000
59	0.000 	2.112E0 	0x2 	0.033	1.000
60	0.000 	2.146E0 	0x2 	-0.012	1.000
61	0.000 	2.181E0 	0x2 	-0.002	1.000
62	0.000 	2.180E0 	0x2 	0.018	1.000
63	0.000 	2.079E0 	0x2 	-0.018	1.000
64	0.000 	2.108E0 	0x2 	0.010	1.000
65	1.315 	1.703E-1 	0x0 	1.695	1.000
66	1.417 	1.557E-1 	0x0 	0.250	1.000
67	1.425 	1.154E-1 	0x0 	1.557	1.000
68	1.391 	1.191E-1 	0x0 	2.204	1.000
69	1.105 	2.510E-1 	0x0 	1.316	1.000
70	1.264 	1.556E-1 	0x0 	0.443	1.000
71	1.184 	1.319E-1 	0x0 	-0.291	1.000
72	0.000 	2.886E0 	0x2 	0.003	1.000
73	1.257 	2.122E-1 	0x0 	0.521	1.000
74	0.470 	7.143E-1 	0x0 	0.456	1.000
75	0.000 	2.241E0 	0x2 	-0.034	1.000
76	0.000 	2.090E0 	0x2 	-0.034	1.000
77	1.145 	1.811E-1 	0x0 	-0.114	1.000
78	1.554 	1.494E-1 	0x0 	0.031	1.000
79	1.514 	5.019E-2 	0x0 	-0.101	1.000
80	1.787 	1.740E-2 	0x0 	0.320	1.000
81	0.000 	3.082E0 	0x2 	-0.033	1.000
82	0.000 	3.831E0 	0x2 	-0.028	1.000
83	0.000 	3.070E0 	0x2 	0.031	1.000
84	1.311 	3.108E-1 	0x0 	0.300	1.000
85	1.429 	1.734E-1 	0x0 	1.019	1.000
86	1.387 	1.778E-1 	0x0 	1.673	1.000
87	1.284 	1.594E-1 	0x0 	2.499	1.000
88	0.000 	3.747E0 	0x2 	0.047	1.000
89	0.000 	3.327E0 	0x2 	0.043	1.000
90	0.000 	3.809E0 	0x2 	0.045	1.000
91	1.083 	2.270E-1 	0x0 	0.310	1.000
92	0.049 	7.051E-3 	0x300 	-0.005	1.000
93	1.397 	3.015E-1 	0x0 	0.659	1.000
94	1.445 	1.692E-2 	0x0 	1.833	1.000
95	0.000 	3.600E0 	0x2 	-0.023	1.000
96	1.448 	8.231E-2 	0x0 	3.444	1.000
97	1.087 	3.242E-1 	0x0 	3.507	1.000
98	1.353 	3.716E-1 	0x0 	2.355	1.000
99	1.368 	2.904E-1 	0x0 	1.473	1.000
100	1.359 	3.880E-1 	0x0 	1.001	1.000
101	1.197 	3.746E-1 	0x0 	0.623	1.000
102	1.217 	3.638E-1 	0x0 	0.289	1.000
103	0.926 	4.346E-1 	0x0 	1.194	1.000
104	0.000 	3.305E0 	0x2 	-0.016	1.000
105	1.677 	2.426E-1 	0x0 	3.246	1.000
106	1.654 	3.434E-1 	0x0 	3.568	1.000
107	1.418 	5.346E-1 	0x0 	1.932	1.000
108	1.453 	3.689E-1 	0x0 	1.474	1.000
109	1.320 	5.143E-1 	0x0 	1.019	1.000
110	1.187 	5.103E-1 	0x0 	0.501	1.000
111	0.759 	7.257E-1 	0x0 	0.312	1.000
112	0.000 	1.993E0 	0x2 	0.017	1.000
113	0.000 	3.101E0 	0x2 	0.010	1.000
114	0.000 	3.683E0 	0x2 	0.005	1.000
115	0.000 	2.940E0 	0x2 	0.005	1.000
116	0.000 	1.042E1 	0x2 	-0.003	1.000
117	0.000 	2.233E0 	0x2 	-0.005	1.000
118	0.000 	4.142E0 	0x2 	-0.009	1.000
119	0.000 	4.553E0 	0x2 	0.007	1.000
120	0.000 	3.355E0 	0x2 	0.006	1.000
121	1.165 	1.188E-1 	0x0 	1.409	1.000
122	1.198 	7.843E-2 	0x0 	1.393	1.000
123	1.521 	1.810E-1 	0x0 	2.140	1.000
124	1.309 	3.118E-1 	0x0 	2.518	1.000
125	1.203 	4.647E-1 	0x0 	2.227	1.000
126	0.704 	4.486E-1 	0x0 	1.101	1.000
127	0.787 	2.474E-1 	0x0 	1.075	1.000
128	0.000 	2.280E2 	0x2 	-0.000	1.000
129	1.153 	3.916E-1 	0x0 	1.288	1.000
130	1.514 	3.374E-1 	0x0 	3.032	1.000
131	1.599 	5.242E-1 	0x0 	3.466	1.000
132	1.244 	3.006E-1 	0x0 	1.991	1.000
133	1.014 	1.463E-1 	0x0 	1.001	1.000
134	1.000 	3.390E-1 	0x0 	0.957	1.000
135	0.768 	3.479E-1 	0x0 	0.024	1.000
136	0.000 	3.342E0 	0x2 	0.009	1.000
137	1.467 	3.984E-1 	0x0 	2.884	1.000
138	1.604 	4.610E-1 	0x0 	3.279	1.000
139	1.240 	2.240E-1 	0x0 	1.547	1.000
140	0.948 	1.288E-1 	0x0 	0.601	1.000
141	0.910 	5.553E-1 	0x0 	0.117	1.000
142	0.090 	1.962E0 	0x100 	0.126	1.000
143	0.816 	4.269E-1 	0x0 	0.422	1.000
144	0.000 	2.202E0 	0x2 	0.002	1.000
145	0.000 	1.279E2 	0x2 	-0.001	1.000
146	0.000 	1.364E2 	0x2 	-0.002	1.000
147	0.000 	1.257E2 	0x2 	-0.001	1.000
148	0.000 	1.309E2 	0x2 	-0.001	1.000
149	0.000 	1.126E2 	0x2 	-0.000	1.000
150	0.000 	2.675E0 	0x2 	-0.015	1.000
151	0.000 	1.375E2 	0x2 	0.001	1.000
152	0.000 	1.763E2 	0x2 	0.000	1.000
153	0.888 	4.487E-1 	0x0 	0.579	1.000
154	1.013 	3.655E-1 	0x0 	1.030	1.000
155	1.317 	1.623E-1 	0x0 	2.272	1.000
156	1.064 	2.950E-1 	0x0 	0.887	1.000
157	0.733 	1.637E-1 	0x0 	-0.152	1.000
158	0.042 	1.230E0 	0x100 	-0.015	1.000
159	0.594 	7.095E-1 	0x0 	0.023	1.000
160	0.000 	1.845E0 	0x2 	-0.026	1.000
161	1.004 	3.771E-1 	0x0 	0.391	1.000
162	1.002 	2.216E-1 	0x0 	1.182	1.000
163	0.927 	3.721E-1 	0x0 	0.527	1.000
164	1.022 	3.145E-1 	0x0 	0.711	1.000
165	1.190 	1.817E-1 	0x0 	1.501	1.000
166	0.846 	3.662E-1 	0x0 	0.520	1.000
167	0.636 	3.466E-1 	0x0 	-0.054	1.000
168	0.000 	3.372E0 	0x2 	-0.027	1.000
169	0.000 	3.104E-2 	0x2 	2.123	1.000
170	0.000 	3.337E-2 	0x2 	0.991	1.000
171	1.281 	4.865E-1 	0x0 	0.454	1.000
172	1.393 	4.558E-1 	0x0 	-0.057	1.000
173	1.248 	5.119E-1 	0x0 	0.082	1.000
174	1.034 	7.139E-1 	0x0 	0.388	1.000
175	0.987 	5.167E-1 	0x0 	0.139	1.000
176	0.000 	2.410E0 	0x2 	0.030	1.000
177	1.339 	5.650E-1 	0x0 	0.544	1.000
178	1.545 	3.744E-1 	0x0 	1.223	1.000
179	1.423 	4.035E-1 	0x0 	0.413	1.000
180	1.372 	4.394E-1 	0x0 	0.531	1.000
181	1.272 	3.699E-1 	0x0 	0.798	1.000
182	0.814 	6.431E-1 	0x0 	0.639	1.000
183	1.001 	3.526E-1 	0x0 	1.599	1.000
184	0.000 	4.205E0 	0x2 	-0.031	1.000
185	1.500 	2.754E-1 	0x0 	1.108	1.000
186	1.455 	2.957E-1 	0x0 	1.341	1.000
187	1.443 	1.578E-1 	0x0 	1.292	1.000
188	1.259 	1.811E-1 	0x0 	1.484	1.000
189	1.182 	2.456E-1 	0x0 	3.128	1.000
190	0.962 	4.850E-1 	0x0 	1.405	1.000
191	-0.128 	8.325E-1 	0x0 	-0.221	1.000
192	0.000 	4.805E0 	0x2 	0.024	1.000
193	1.323 	2.225E-1 	0x0 	1.644	1.000
194	0.000 	1.670E-2 	0x2 	3.690	1.000
195	1.211 	2.504E-1 	0x0 	2.745	1.000
196	1.358 	7.994E-2 	0x0 	3.954	1.000
197	1.233 	4.157E-1 	0x0 	1.647	1.000
198	1.170 	5.544E-1 	0x0 	1.622	1.000
199	0.919 	6.744E-1 	0x0 	1.449	1.000
200	0.000 	3.947E0 	0x2 	-0.010	1.000
201	1.211 	3.284E-1 	0x0 	2.603	1.000
202	1.423 	1.545E-1 	0x0 	3.174	1.000
203	1.153 	1.503E-1 	0x0 	2.321	1.000
204	1.163 	5.936E-2 	0x0 	3.232	1.000
205	1.531 	4.795E-1 	0x0 	1.551	1.000
206	1.495 	3.989E-1 	0x0 	2.082	1.000
207	0.000 	3.272E0 	0x2 	0.015	1.000
208	1.531 	7.409E-2 	0x0 	2.103	1.000
209	1.360 	2.463E-1 	0x0 	2.607	1.000
210	1.353 	1.521E-1 	0x0 	2.621	1.000
211	1.482 	6.886E-2 	0x0 	1.486	1.000
212	1.710 	2.658E-2 	0x0 	0.479	1.000
213	1.087 	2.925E-2 	0x0 	3.615	1.000
214	1.086 	7.136E-1 	0x0 	-0.043	1.000
215	1.226 	5.438E-1 	0x0 	1.005	1.000
216	0.000 	4.745E0 	0x2 	-0.007	1.000
217	1.131 	4.483E-1 	0x0 	1.458	1.000
218	1.109 	3.321E-1 	0x0 	1.495	1.000
219	1.291 	1.713E-1 	0x0 	1.360	1.000
220	1.336 	5.220E-2 	0x0 	-0.288	1.000
221	0.160 	9.596E-1 	0x0 	-0.208	1.000
222	0.000 	7.144E-1 	0x2 	0.160	1.000
223	0.000 	1.106E0 	0x2 	-0.006	1.000
224	0.000 	3.648E0 	0x2 	0.021	1.000
225	0.000 	2.508E0 	0x2 	-0.007	1.000
226	0.000 	3.033E0 	0x2 	-0.162	1.000
227	0.000 	1.680E0 	0x2 	-0.191	1.000
228	0.000 	2.263E0 	0x2 	-0.052	1.000
229	0.000 	2.836E0 	0x2 	-0.015	1.000
230	0.000 	2.220E0 	0x2 	-0.032	1.000
231	0.000 	1.251E0 	0x2 	-1.432	1.000
232	0.000 	1.601E0 	0x2 	-0.100	1.000
233	0.341 	2.006E0 	0x0 	1.022	1.000
234	0.460 	4.096E-1 	0x0 	1.368	1.000
235	0.230 	2.786E0 	0x0 	0.633	1.000
236	0.000 	2.914E0 	0x2 	-0.104	1.000
237	0.000 	2.488E0 	0x2 	-0.070	1.000
238	0.291 	2.382E0 	0x0 	0.681	1.000
239	0.000 	1.969E0 	0x2 	-0.043	1.000
240	0.000 	2.119E0 	0x2 	0.025	1.000
241	0.056 	1.772E0 	0x100 	0.106	1.000
242	0.582 	2.064E0 	0x0 	1.920	1.000
243	0.000 	1.707E0 	0x2 	-0.145	1.000
244	0.000 	1.334E0 	0x2 	-0.165	1.000
245	0.139 	3.544E0 	0x0 	0.410	1.000
246	0.000 	2.938E0 	0x2 	-0.074	1.000
247	0.372 	2.481E0 	0x0 	1.290	1.000
248	0.000 	2.883E0 	0x2 	-0.055	1.000
249	0.000 	2.039E0 	0x2 	-0.061	1.000
250	0.000 	2.108E0 	0x2 	-0.032	1.000
251	0.000 	2.344E0 	0x2 	0.000	1.000
252	0.000 	2.010E0 	0x2 	-0.001	1.000
253	0.000 	1.466E2 	0x2 	0.000	1.000
254	0.000 	1.860E0 	0x2 	0.007	1.000
255	0.000 	2.011E0 	0x2 	-0.019	1.000
256	0.000 	1.965E0 	0x2 	0.014	1.000
257	0.318 	2.394E0 	0x0 	1.048	1.000
258	0.331 	3.013E0 	0x0 	0.774	1.000
259	0.000 	2.608E0 	0x2 	-0.013	1.000
260	0.000 	2.040E0 	0x2 	-0.008	1.000
261	0.357 	2.053E0 	0x0 	1.178	1.000
262	0.836 	1.101E0 	0x0 	1.046	1.000
263	0.000 	1.515E0 	0x2 	-0.081	1.000
264	0.000 	2.350E0 	0x2 	-0.095	1.000
265	2.321 	8.946E-3 	0x0 	-0.030	1.000
266	1.247 	2.074E-2 	0x0 	0.816	1.000
267	1.308 	2.954E-1 	0x0 	0.908	1.000
268	0.000 	1.258E0 	0x2 	-0.007	1.000
269	1.296 	4.531E-1 	0x0 	1.327	1.000
270	0.000 	1.280E0 	0x2 	-0.030	1.000
271	0.962 	4.940E-3 	0x0 	0.368	1.000
272	1.174 	4.565E-2 	0x0 	1.000	1.000
273	1.499 	6.057E-1 	0x0 	1.098	1.000
274	1.658 	5.920E-1 	0x0 	1.061	1.000
275	1.410 	6.749E-1 	0x0 	0.745	1.000
276	1.166 	7.039E-1 	0x0 	0.956	1.000
277	0.000 	3.563E0 	0x2 	0.010	1.000
278	0.000 	3.005E0 	0x2 	0.003	1.000
279	0.700 	1.569E0 	0x0 	0.531	1.000
280	1.250 	4.224E-1 	0x0 	0.755	1.000
281	0.000 	2.147E0 	0x2 	-0.058	1.000
282	0.000 	2.611E0 	0x2 	-0.040	1.000
283	0.000 	2.903E0 	0x2 	0.040	1.000
284	0.000 	2.080E0 	0x2 	-0.023	1.000
285	0.000 	2.649E0 	0x2 	0.006	1.000
286	0.000 	2.766E0 	0x2 	-0.005	1.000
287	0.000 	2.246E0 	0x2 	-0.022	1.000
288	0.000 	2.953E0 	0x2 	0.049	1.000
289	0.000 	4.041E0 	0x2 	0.026	1.000
290	0.000 	4.481E0 	0x2 	0.034	1.000
291	1.393 	5.420E-1 	0x0 	2.404	1.000
292	1.228 	6.243E-1 	0x0 	2.476	1.000
293	1.513 	2.406E-1 	0x0 	0.612	1.000
294	1.635 	4.339E-4 	0x200 	-5.365	1.000
295	1.350 	8.365E-3 	0x0 	2.225	1.000
296	1.185 	3.305E-1 	0x0 	0.133	1.000
297	0.005 	2.389E0 	0x300 	-0.014	1.000
298	-0.006 	2.659E0 	0x300 	-0.056	1.000
299	0.000 	3.196E0 	0x2 	0.021	1.000
300	0.006 	3.103E0 	0x300 	-0.007	1.000
301	0.000 	3.006E0 	0x2 	0.009	1.000
302	0.001 	3.201E0 	0x300 	-0.046	1.000
303	0.006 	1.956E0 	0x300 	-0.029	1.000
304	-0.006 	3.037E0 	0x300 	-0.014	1.000
305	0.000 	3.981E0 	0x2 	0.001	1.000
306	0.000 	6.820E-1 	0x2 	-0.136	1.000
307	1.273 	4.094E-1 	0x0 	2.790	1.000
308	1.199 	5.516E-1 	0x0 	2.662	1.000
309	1.067 	8.149E-1 	0x0 	2.901	1.000
310	0.001 	1.650E2 	0x300 	-0.002	1.000
311	1.016 	8.079E-1 	0x0 	0.366	1.000
312	0.000 	4.611E0 	0x2 	0.009	1.000
313	1.418 	3.326E-1 	0x0 	-0.515	1.000
314	1.506 	4.269E-1 	0x0 	-0.351	1.000
315	1.343 	6.493E-1 	0x0 	0.551	1.000
316	0.964 	6.730E-1 	0x0 	2.330	1.000
317	0.887 	6.207E-1 	0x0 	3.416	1.000
318	0.552 	1.013E0 	0x0 	1.912	1.000
319	0.803 	4.471E-1 	0x0 	0.882	1.000
320	0.000 	3.023E0 	0x2 	-0.072	1.000
