0002   0.095 +/-  0.007   0.000
 ln Vsd:  0.00  0.00  0.00  0.00  0.00  0.00  0.00  0.00  0.00  0.00  0.00
    RMS   0.00  0.00  0.00  0.00  0.00  0.00  0.00  0.00  0.00  0.00  0.00
0012   0.146 +/-  0.004   0.000
 ln Vsd:  0.00  0.00  0.00  0.00  0.00  0.00  0.00  0.00  0.00  0.00  0.00
    RMS   0.00  0.00  0.00  0.00  0.00  0.00  0.00  0.00  0.00  0.00  0.00
0022   0.143 +/-  0.001   0.000
 ln Vsd:  0.00  0.00  0.00  0.00  0.00  0.00  0.00  0.00  0.00  0.00  0.00
    RMS   0.00  0.00  0.00  0.00  0.00  0.00  0.00  0.00  0.00  0.00  0.00
0032   0.105 +/-  0.003   0.000
 ln Vsd:  0.00  0.00  0.00  0.00  0.00  0.00  0.00  0.00  0.00  0.00  0.00
    RMS   0.00  0.00  0.00  0.00  0.00  0.00  0.00  0.00  0.00  0.00  0.00
0042   0.108 +/-  0.001   0.000
 ln Vsd:  0.00  0.00  0.00  0.00  0.00  0.00  0.00  0.00  0.00  0.00  0.00
    RMS   0.00  0.00  0.00  0.00  0.00  0.00  0.00  0.00  0.00  0.00  0.00
0052   0.121 +/-  0.002   0.000
 ln Vsd:  0.00  0.00  0.00  0.00  0.00  0.00  0.00  0.00  0.00  0.00  0.00
    RMS   0.00  0.00  0.00  0.00  0.00  0.00  0.00  0.00  0.00  0.00  0.00
0102   0.118 +/-  0.003   0.000
 ln Vsd:  0.00  0.00  0.00  0.00  0.00  0.00  0.00  0.00  0.00  0.00  0.00
    RMS   0.00  0.00  0.00  0.00  0.00  0.00  0.00  0.00  0.00  0.00  0.00
0112   0.117 +/-  0.001   0.000
 ln Vsd:  0.00  0.00  0.00  0.00  0.00  0.00  0.00  0.00  0.00  0.00  0.00
    RMS   0.00  0.00  0.00  0.00  0.00  0.00  0.00  0.00  0.00  0.00  0.00
0122   0.144 +/-  0.003   0.000
 ln Vsd:  0.00  0.00  0.00  0.00  0.00  0.00  0.00  0.00  0.00  0.00  0.00
    RMS   0.00  0.00  0.00  0.00  0.00  0.00  0.00  0.00  0.00  0.00  0.00
0132   0.144 +/-  0.001   0.000
 ln Vsd:  0.00  0.00  0.00  0.00  0.00  0.00  0.00  0.00  0.00  0.00  0.00
    RMS   0.00  0.00  0.00  0.00  0.00  0.00  0.00  0.00  0.00  0.00  0.00
0142   0.128 +/-  0.005   0.000
 ln Vsd:  0.00  0.00  0.00  0.00  0.00  0.00  0.00  0.00  0.00  0.00  0.00
    RMS   0.00  0.00  0.00  0.00  0.00  0.00  0.00  0.00  0.00  0.00  0.00
0152   0.126 +/-  0.005   0.000
 ln Vsd:  0.00  0.00  0.00  0.00  0.00  0.00  0.00  0.00  0.00  0.00  0.00
    RMS   0.00  0.00  0.00  0.00  0.00  0.00  0.00  0.00  0.00  0.00  0.00
0202   0.137 +/-  0.008   0.000
 ln Vsd:  0.00  0.00  0.00  0.00  0.00  0.00  0.00  0.00  0.00  0.00  0.00
    RMS   0.00  0.00  0.00  0.00  0.00  0.00  0.00  0.00  0.00  0.00  0.00
0212   0.159 +/-  0.004   0.000
 ln Vsd:  0.00  0.00  0.00  0.00  0.00  0.00  0.00  0.00  0.00  0.00  0.00
    RMS   0.00  0.00  0.00  0.00  0.00  0.00  0.00  0.00  0.00  0.00  0.00
0222   0.134 +/-  0.004   0.000
 ln Vsd:  0.00  0.00  0.00  0.00  0.00  0.00  0.00  0.00  0.00  0.00  0.00
    RMS   0.00  0.00  0.00  0.00  0.00  0.00  0.00  0.00  0.00  0.00  0.00
0232   0.136 +/-  0.002   0.000
 ln Vsd:  0.00  0.00  0.00  0.00  0.00  0.00  0.00  0.00  0.00  0.00  0.00
    RMS   0.00  0.00  0.00  0.00  0.00  0.00  0.00  0.00  0.00  0.00  0.00
0242   0.167 +/-  0.003   0.000
 ln Vsd:  0.00  0.00  0.00  0.00  0.00  0.00  0.00  0.00  0.00  0.00  0.00
    RMS   0.00  0.00  0.00  0.00  0.00  0.00  0.00  0.00  0.00  0.00  0.00
0252   0.134 +/-  0.006   0.000
 ln Vsd:  0.00  0.00  0.00  0.00  0.00  0.00  0.00  0.00  0.00  0.00  0.00
    RMS   0.00  0.00  0.00  0.00  0.00  0.00  0.00  0.00  0.00  0.00  0.00
0302   0.110 +/-  0.001   0.000
 ln Vsd:  0.00  0.00  0.00  0.00  0.00  0.00  0.00  0.00  0.00  0.00  0.00
    RMS   0.00  0.00  0.00  0.00  0.00  0.00  0.00  0.00  0.00  0.00  0.00
0312   0.099 +/-  0.014   0.000
 ln Vsd:  0.00  0.00  0.00  0.00  0.00  0.00  0.00  0.00  0.00  0.00  0.00
    RMS   0.00  0.00  0.00  0.00  0.00  0.00  0.00  0.00  0.00  0.00  0.00
0322   0.143 +/-  0.001   0.000
 ln Vsd:  0.00  0.00  0.00  0.00  0.00  0.00  0.00  0.00  0.00  0.00  0.00
    RMS   0.00  0.00  0.00  0.00  0.00  0.00  0.00  0.00  0.00  0.00  0.00
0332   0.144 +/-  0.004   0.000
 ln Vsd:  0.00  0.00  0.00  0.00  0.00  0.00  0.00  0.00  0.00  0.00  0.00
    RMS   0.00  0.00  0.00  0.00  0.00  0.00  0.00  0.00  0.00  0.00  0.00
0342   0.110 +/-  0.002   0.000
 ln Vsd:  0.00  0.00  0.00  0.00  0.00  0.00  0.00  0.00  0.00  0.00  0.00
    RMS   0.00  0.00  0.00  0.00  0.00  0.00  0.00  0.00  0.00  0.00  0.00
0352   0.118 +/-  0.003   0.000
 ln Vsd:  0.00  0.00  0.00  0.00  0.00  0.00  0.00  0.00  0.00  0.00  0.00
    RMS   0.00  0.00  0.00  0.00  0.00  0.00  0.00  0.00  0.00  0.00  0.00
0402   0.089 +/-  0.006   0.000
 ln Vsd:  0.00  0.00  0.00  0.00  0.00  0.00  0.00  0.00  0.00  0.00  0.00
    RMS   0.00  0.00  0.00  0.00  0.00  0.00  0.00  0.00  0.00  0.00  0.00
0412   0.118 +/-  0.002   0.000
 ln Vsd:  0.00  0.00  0.00  0.00  0.00  0.00  0.00  0.00  0.00  0.00  0.00
    RMS   0.00  0.00  0.00  0.00  0.00  0.00  0.00  0.00  0.00  0.00  0.00
0422   0.120 +/-  0.001   0.000
 ln Vsd:  0.00  0.00  0.00  0.00  0.00  0.00  0.00  0.00  0.00  0.00  0.00
    RMS   0.00  0.00  0.00  0.00  0.00  0.00  0.00  0.00  0.00  0.00  0.00
0432   0.119 +/-  0.001   0.000
 ln Vsd:  0.00  0.00  0.00  0.00  0.00  0.00  0.00  0.00  0.00  0.00  0.00
    RMS   0.00  0.00  0.00  0.00  0.00  0.00  0.00  0.00  0.00  0.00  0.00
0442   0.120 +/-  0.000   0.000
 ln Vsd:  0.00  0.00  0.00  0.00  0.00  0.00  0.00  0.00  0.00  0.00  0.00
    RMS   0.00  0.00  0.00  0.00  0.00  0.00  0.00  0.00  0.00  0.00  0.00
0452   0.182 +/-  0.017   0.000
 ln Vsd:  0.00  0.00  0.00  0.00  0.00  0.00  0.00  0.00  0.00  0.00  0.00
    RMS   0.00  0.00  0.00  0.00  0.00  0.00  0.00  0.00  0.00  0.00  0.00
0502   0.158 +/-  0.011   0.000
 ln Vsd:  0.00  0.00  0.00  0.00  0.00  0.00  0.00  0.00  0.00  0.00  0.00
    RMS   0.00  0.00  0.00  0.00  0.00  0.00  0.00  0.00  0.00  0.00  0.00
0512   0.000 +/-  0.000   0.000
 ln Vsd:  0.00  0.00  0.00  0.00  0.00  0.00  0.00  0.00  0.00  0.00  0.00
    RMS   0.00  0.00  0.00  0.00  0.00  0.00  0.00  0.00  0.00  0.00  0.00
0522   0.116 +/-  0.001   0.000
 ln Vsd:  0.00  0.00  0.00  0.00  0.00  0.00  0.00  0.00  0.00  0.00  0.00
    RMS   0.00  0.00  0.00  0.00  0.00  0.00  0.00  0.00  0.00  0.00  0.00
0532   0.114 +/-  0.001   0.000
 ln Vsd:  0.00  0.00  0.00  0.00  0.00  0.00  0.00  0.00  0.00  0.00  0.00
    RMS   0.00  0.00  0.00  0.00  0.00  0.00  0.00  0.00  0.00  0.00  0.00
0542   0.114 +/-  0.001   0.000
 ln Vsd:  0.00  0.00  0.00  0.00  0.00  0.00  0.00  0.00  0.00  0.00  0.00
    RMS   0.00  0.00  0.00  0.00  0.00  0.00  0.00  0.00  0.00  0.00  0.00
0552   0.082 +/-  0.000   0.000
 ln Vsd:  0.00  0.00  0.00  0.00  0.00  0.00  0.00  0.00  0.00  0.00  0.00
    RMS   0.00  0.00  0.00  0.00  0.00  0.00  0.00  0.00  0.00  0.00  0.00
0602   0.111 +/-  0.000   0.000
 ln Vsd:  0.00  0.00  0.00  0.00  0.00  0.00  0.00  0.00  0.00  0.00  0.00
    RMS   0.00  0.00  0.00  0.00  0.00  0.00  0.00  0.00  0.00  0.00  0.00
0612   0.114 +/-  0.000   0.000
 ln Vsd:  0.00  0.00  0.00  0.00  0.00  0.00  0.00  0.00  0.00  0.00  0.00
    RMS   0.00  0.00  0.00  0.00  0.00  0.00  0.00  0.00  0.00  0.00  0.00
0622   0.121 +/-  0.000   0.000
 ln Vsd:  0.00  0.00  0.00  0.00  0.00  0.00  0.00  0.00  0.00  0.00  0.00
    RMS   0.00  0.00  0.00  0.00  0.00  0.00  0.00  0.00  0.00  0.00  0.00
0632   0.115 +/-  0.001   0.000
 ln Vsd:  0.00  0.00  0.00  0.00  0.00  0.00  0.00  0.00  0.00  0.00  0.00
    RMS   0.00  0.00  0.00  0.00  0.00  0.00  0.00  0.00  0.00  0.00  0.00
0642   0.117 +/-  0.001   0.000
 ln Vsd:  0.00  0.00  0.00  0.00  0.00  0.00  0.00  0.00  0.00  0.00  0.00
    RMS   0.00  0.00  0.00  0.00  0.00  0.00  0.00  0.00  0.00  0.00  0.00
0652   0.121 +/-  0.002   0.000
 ln Vsd:  0.00  0.00  0.00  0.00  0.00  0.00  0.00  0.00  0.00  0.00  0.00
    RMS   0.00  0.00  0.00  0.00  0.00  0.00  0.00  0.00  0.00  0.00  0.00
0702   0.126 +/-  0.000   0.000
 ln Vsd:  0.00  0.00  0.00  0.00  0.00  0.00  0.00  0.00  0.00  0.00  0.00
    RMS   0.00  0.00  0.00  0.00  0.00  0.00  0.00  0.00  0.00  0.00  0.00
0712   0.124 +/-  0.001   0.000
 ln Vsd:  0.00  0.00  0.00  0.00  0.00  0.00  0.00  0.00  0.00  0.00  0.00
    RMS   0.00  0.00  0.00  0.00  0.00  0.00  0.00  0.00  0.00  0.00  0.00
0722   0.120 +/-  0.000   0.000
 ln Vsd:  0.00  0.00  0.00  0.00  0.00  0.00  0.00  0.00  0.00  0.00  0.00
    RMS   0.00  0.00  0.00  0.00  0.00  0.00  0.00  0.00  0.00  0.00  0.00
0732   0.118 +/-  0.003   0.000
 ln Vsd:  0.00  0.00  0.00  0.00  0.00  0.00  0.00  0.00  0.00  0.00  0.00
    RMS   0.00  0.00  0.00  0.00  0.00  0.00  0.00  0.00  0.00  0.00  0.00
0742   0.126 +/-  0.001   0.000
 ln Vsd:  0.00  0.00  0.00  0.00  0.00  0.00  0.00  0.00  0.00  0.00  0.00
    RMS   0.00  0.00  0.00  0.00  0.00  0.00  0.00  0.00  0.00  0.00  0.00
0752   0.124 +/-  0.002   0.000
 ln Vsd:  0.00  0.00  0.00  0.00  0.00  0.00  0.00  0.00  0.00  0.00  0.00
    RMS   0.00  0.00  0.00  0.00  0.00  0.00  0.00  0.00  0.00  0.00  0.00
0802   0.132 +/-  0.002   0.000
 ln Vsd:  0.00  0.00  0.00  0.00  0.00  0.00  0.00  0.00  0.00  0.00  0.00
    RMS   0.00  0.00  0.00  0.00  0.00  0.00  0.00  0.00  0.00  0.00  0.00
0812   0.100 +/-  0.017   0.000
 ln Vsd:  0.00  0.00  0.00  0.00  0.00  0.00  0.00  0.00  0.00  0.00  0.00
    RMS   0.00  0.00  0.00  0.00  0.00  0.00  0.00  0.00  0.00  0.00  0.00
0822   0.129 +/-  0.011   0.000
 ln Vsd:  0.00  0.00  0.00  0.00  0.00  0.00  0.00  0.00  0.00  0.00  0.00
    RMS   0.00  0.00  0.00  0.00  0.00  0.00  0.00  0.00  0.00  0.00  0.00
0832   0.112 +/-  0.001   0.000
 ln Vsd:  0.00  0.00  0.00  0.00  0.00  0.00  0.00  0.00  0.00  0.00  0.00
    RMS   0.00  0.00  0.00  0.00  0.00  0.00  0.00  0.00  0.00  0.00  0.00
0842   0.126 +/-  0.002   0.000
 ln Vsd:  0.00  0.00  0.00  0.00  0.00  0.00  0.00  0.00  0.00  0.00  0.00
    RMS   0.00  0.00  0.00  0.00  0.00  0.00  0.00  0.00  0.00  0.00  0.00
0852   0.125 +/-  0.010   0.000
 ln Vsd:  0.00  0.00  0.00  0.00  0.00  0.00  0.00  0.00  0.00  0.00  0.00
    RMS   0.00  0.00  0.00  0.00  0.00  0.00  0.00  0.00  0.00  0.00  0.00
0902   0.128 +/-  0.004   0.000
 ln Vsd:  0.00  0.00  0.00  0.00  0.00  0.00  0.00  0.00  0.00  0.00  0.00
    RMS   0.00  0.00  0.00  0.00  0.00  0.00  0.00  0.00  0.00  0.00  0.00
0912   0.122 +/-  0.003   0.000
 ln Vsd:  0.00  0.00  0.00  0.00  0.00  0.00  0.00  0.00  0.00  0.00  0.00
    RMS   0.00  0.00  0.00  0.00  0.00  0.00  0.00  0.00  0.00  0.00  0.00
0922   0.153 +/-  0.007   0.000
 ln Vsd:  0.00  0.00  0.00  0.00  0.00  0.00  0.00  0.00  0.00  0.00  0.00
    RMS   0.00  0.00  0.00  0.00  0.00  0.00  0.00  0.00  0.00  0.00  0.00
0932   0.097 +/-  0.002   0.000
 ln Vsd:  0.00  0.00  0.00  0.00  0.00  0.00  0.00  0.00  0.00  0.00  0.00
    RMS   0.00  0.00  0.00  0.00  0.00  0.00  0.00  0.00  0.00  0.00  0.00
0942   0.156 +/-  0.004   0.000
 ln Vsd:  0.00  0.00  0.00  0.00  0.00  0.00  0.00  0.00  0.00  0.00  0.00
    RMS   0.00  0.00  0.00  0.00  0.00  0.00  0.00  0.00  0.00  0.00  0.00
0952   0.121 +/-  0.003   0.000
 ln Vsd:  0.00  0.00  0.00  0.00  0.00  0.00  0.00  0.00  0.00  0.00  0.00
    RMS   0.00  0.00  0.00  0.00  0.00  0.00  0.00  0.00  0.00  0.00  0.00
1002   0.105 +/-  0.005   0.000
 ln Vsd:  0.00  0.00  0.00  0.00  0.00  0.00  0.00  0.00  0.00  0.00  0.00
    RMS   0.00  0.00  0.00  0.00  0.00  0.00  0.00  0.00  0.00  0.00  0.00
1012   0.099 +/-  0.005   0.000
 ln Vsd:  0.00  0.00  0.00  0.00  0.00  0.00  0.00  0.00  0.00  0.00  0.00
    RMS   0.00  0.00  0.00  0.00  0.00  0.00  0.00  0.00  0.00  0.00  0.00
1022   0.105 +/-  0.009   0.000
 ln Vsd:  0.00  0.00  0.00  0.00  0.00  0.00  0.00  0.00  0.00  0.00  0.00
    RMS   0.00  0.00  0.00  0.00  0.00  0.00  0.00  0.00  0.00  0.00  0.00
1032   0.105 +/-  0.003   0.000
 ln Vsd:  0.00  0.00  0.00  0.00  0.00  0.00  0.00  0.00  0.00  0.00  0.00
    RMS   0.00  0.00  0.00  0.00  0.00  0.00  0.00  0.00  0.00  0.00  0.00
1042   0.118 +/-  0.007   0.000
 ln Vsd:  0.00  0.00  0.00  0.00  0.00  0.00  0.00  0.00  0.00  0.00  0.00
    RMS   0.00  0.00  0.00  0.00  0.00  0.00  0.00  0.00  0.00  0.00  0.00
1052   0.115 +/-  0.005   0.000
 ln Vsd:  0.00  0.00  0.00  0.00  0.00  0.00  0.00  0.00  0.00  0.00  0.00
    RMS   0.00  0.00  0.00  0.00  0.00  0.00  0.00  0.00  0.00  0.00  0.00
1102   0.095 +/-  0.008   0.000
 ln Vsd:  0.00  0.00  0.00  0.00  0.00  0.00  0.00  0.00  0.00  0.00  0.00
    RMS   0.00  0.00  0.00  0.00  0.00  0.00  0.00  0.00  0.00  0.00  0.00
1112   0.128 +/-  0.007   0.000
 ln Vsd:  0.00  0.00  0.00  0.00  0.00  0.00  0.00  0.00  0.00  0.00  0.00
    RMS   0.00  0.00  0.00  0.00  0.00  0.00  0.00  0.00  0.00  0.00  0.00
1122   0.102 +/-  0.007   0.000
 ln Vsd:  0.00  0.00  0.00  0.00  0.00  0.00  0.00  0.00  0.00  0.00  0.00
    RMS   0.00  0.00  0.00  0.00  0.00  0.00  0.00  0.00  0.00  0.00  0.00
1132   0.111 +/-  0.002   0.000
 ln Vsd:  0.00  0.00  0.00  0.00  0.00  0.00  0.00  0.00  0.00  0.00  0.00
    RMS   0.00  0.00  0.00  0.00  0.00  0.00  0.00  0.00  0.00  0.00  0.00
1142   0.091 +/-  0.002   0.000
 ln Vsd:  0.00  0.00  0.00  0.00  0.00  0.00  0.00  0.00  0.00  0.00  0.00
    RMS   0.00  0.00  0.00  0.00  0.00  0.00  0.00  0.00  0.00  0.00  0.00
1152   0.122 +/-  0.005   0.000
 ln Vsd:  0.00  0.00  0.00  0.00  0.00  0.00  0.00  0.00  0.00  0.00  0.00
    RMS   0.00  0.00  0.00  0.00  0.00  0.00  0.00  0.00  0.00  0.00  0.00
1202   0.114 +/-  0.006   0.000
 ln Vsd:  0.00  0.00  0.00  0.00  0.00  0.00  0.00  0.00  0.00  0.00  0.00
    RMS   0.00  0.00  0.00  0.00  0.00  0.00  0.00  0.00  0.00  0.00  0.00
1212   0.106 +/-  0.001   0.000
 ln Vsd:  0.00  0.00  0.00  0.00  0.00  0.00  0.00  0.00  0.00  0.00  0.00
    RMS   0.00  0.00  0.00  0.00  0.00  0.00  0.00  0.00  0.00  0.00  0.00
1222   0.105 +/-  0.001   0.000
 ln Vsd:  0.00  0.00  0.00  0.00  0.00  0.00  0.00  0.00  0.00  0.00  0.00
    RMS   0.00  0.00  0.00  0.00  0.00  0.00  0.00  0.00  0.00  0.00  0.00
1232   0.104 +/-  0.001   0.000
 ln Vsd:  0.00  0.00  0.00  0.00  0.00  0.00  0.00  0.00  0.00  0.00  0.00
    RMS   0.00  0.00  0.00  0.00  0.00  0.00  0.00  0.00  0.00  0.00  0.00
1242   0.107 +/-  0.004   0.000
 ln Vsd:  0.00  0.00  0.00  0.00  0.00  0.00  0.00  0.00  0.00  0.00  0.00
    RMS   0.00  0.00  0.00  0.00  0.00  0.00  0.00  0.00  0.00  0.00  0.00
1252   0.105 +/-  0.002   0.000
 ln Vsd:  0.00  0.00  0.00  0.00  0.00  0.00  0.00  0.00  0.00  0.00  0.00
    RMS   0.00  0.00  0.00  0.00  0.00  0.00  0.00  0.00  0.00  0.00  0.00
1302   0.105 +/-  0.001   0.000
 ln Vsd:  0.00  0.00  0.00  0.00  0.00  0.00  0.00  0.00  0.00  0.00  0.00
    RMS   0.00  0.00  0.00  0.00  0.00  0.00  0.00  0.00  0.00  0.00  0.00
1312   0.101 +/-  0.003   0.000
 ln Vsd:  0.00  0.00  0.00  0.00  0.00  0.00  0.00  0.00  0.00  0.00  0.00
    RMS   0.00  0.00  0.00  0.00  0.00  0.00  0.00  0.00  0.00  0.00  0.00
1322   0.108 +/-  0.001   0.000
 ln Vsd:  0.00  0.00  0.00  0.00  0.00  0.00  0.00  0.00  0.00  0.00  0.00
    RMS   0.00  0.00  0.00  0.00  0.00  0.00  0.00  0.00  0.00  0.00  0.00
1332   0.112 +/-  0.001   0.000
 ln Vsd:  0.00  0.00  0.00  0.00  0.00  0.00  0.00  0.00  0.00  0.00  0.00
    RMS   0.00  0.00  0.00  0.00  0.00  0.00  0.00  0.00  0.00  0.00  0.00
1342   0.107 +/-  0.000   0.000
 ln Vsd:  0.00  0.00  0.00  0.00  0.00  0.00  0.00  0.00  0.00  0.00  0.00
    RMS   0.00  0.00  0.00  0.00  0.00  0.00  0.00  0.00  0.00  0.00  0.00
1352   0.097 +/-  0.001   0.000
 ln Vsd:  0.00  0.00  0.00  0.00  0.00  0.00  0.00  0.00  0.00  0.00  0.00
    RMS   0.00  0.00  0.00  0.00  0.00  0.00  0.00  0.00  0.00  0.00  0.00
1402   0.102 +/-  0.001   0.000
 ln Vsd:  0.00  0.00  0.00  0.00  0.00  0.00  0.00  0.00  0.00  0.00  0.00
    RMS   0.00  0.00  0.00  0.00  0.00  0.00  0.00  0.00  0.00  0.00  0.00
1412   0.100 +/-  0.000   0.000
 ln Vsd:  0.00  0.00  0.00  0.00  0.00  0.00  0.00  0.00  0.00  0.00  0.00
    RMS   0.00  0.00  0.00  0.00  0.00  0.00  0.00  0.00  0.00  0.00  0.00
1422   0.104 +/-  0.001   0.000
 ln Vsd:  0.00  0.00  0.00  0.00  0.00  0.00  0.00  0.00  0.00  0.00  0.00
    RMS   0.00  0.00  0.00  0.00  0.00  0.00  0.00  0.00  0.00  0.00  0.00
1432   0.092 +/-  0.000   0.000
 ln Vsd:  0.00  0.00  0.00  0.00  0.00  0.00  0.00  0.00  0.00  0.00  0.00
    RMS   0.00  0.00  0.00  0.00  0.00  0.00  0.00  0.00  0.00  0.00  0.00
1442   0.090 +/-  0.002   0.000
 ln Vsd:  0.00  0.00  0.00  0.00  0.00  0.00  0.00  0.00  0.00  0.00  0.00
    RMS   0.00  0.00  0.00  0.00  0.00  0.00  0.00  0.00  0.00  0.00  0.00
1452   0.094 +/-  0.001   0.000
 ln Vsd:  0.00  0.00  0.00  0.00  0.00  0.00  0.00  0.00  0.00  0.00  0.00
    RMS   0.00  0.00  0.00  0.00  0.00  0.00  0.00  0.00  0.00  0.00  0.00
1502   0.101 +/-  0.001   0.000
 ln Vsd:  0.00  0.00  0.00  0.00  0.00  0.00  0.00  0.00  0.00  0.00  0.00
    RMS   0.00  0.00  0.00  0.00  0.00  0.00  0.00  0.00  0.00  0.00  0.00
1512   0.087 +/-  0.001   0.000
 ln Vsd:  0.00  0.00  0.00  0.00  0.00  0.00  0.00  0.00  0.00  0.00  0.00
    RMS   0.00  0.00  0.00  0.00  0.00  0.00  0.00  0.00  0.00  0.00  0.00
1522   0.099 +/-  0.000   0.000
 ln Vsd:  0.00  0.00  0.00  0.00  0.00  0.00  0.00  0.00  0.00  0.00  0.00
    RMS   0.00  0.00  0.00  0.00  0.00  0.00  0.00  0.00  0.00  0.00  0.00
1532   0.091 +/-  0.001   0.000
 ln Vsd:  0.00  0.00  0.00  0.00  0.00  0.00  0.00  0.00  0.00  0.00  0.00
    RMS   0.00  0.00  0.00  0.00  0.00  0.00  0.00  0.00  0.00  0.00  0.00
1542   0.081 +/-  0.002   0.000
 ln Vsd:  0.00  0.00  0.00  0.00  0.00  0.00  0.00  0.00  0.00  0.00  0.00
    RMS   0.00  0.00  0.00  0.00  0.00  0.00  0.00  0.00  0.00  0.00  0.00
1552   0.091 +/-  0.001   0.000
 ln Vsd:  0.00  0.00  0.00  0.00  0.00  0.00  0.00  0.00  0.00  0.00  0.00
    RMS   0.00  0.00  0.00  0.00  0.00  0.00  0.00  0.00  0.00  0.00  0.00
1602   0.086 +/-  0.001   0.000
 ln Vsd:  0.00  0.00  0.00  0.00  0.00  0.00  0.00  0.00  0.00  0.00  0.00
    RMS   0.00  0.00  0.00  0.00  0.00  0.00  0.00  0.00  0.00  0.00  0.00
1612   0.091 +/-  0.002   0.000
 ln Vsd:  0.00  0.00  0.00  0.00  0.00  0.00  0.00  0.00  0.00  0.00  0.00
    RMS   0.00  0.00  0.00  0.00  0.00  0.00  0.00  0.00  0.00  0.00  0.00
1622   0.084 +/-  0.001   0.000
 ln Vsd:  0.00  0.00  0.00  0.00  0.00  0.00  0.00  0.00  0.00  0.00  0.00
    RMS   0.00  0.00  0.00  0.00  0.00  0.00  0.00  0.00  0.00  0.00  0.00
1632   0.091 +/-  0.002   0.000
 ln Vsd:  0.00  0.00  0.00  0.00  0.00  0.00  0.00  0.00  0.00  0.00  0.00
    RMS   0.00  0.00  0.00  0.00  0.00  0.00  0.00  0.00  0.00  0.00  0.00
1642   0.094 +/-  0.003   0.000
 ln Vsd:  0.00  0.00  0.00  0.00  0.00  0.00  0.00  0.00  0.00  0.00  0.00
    RMS   0.00  0.00  0.00  0.00  0.00  0.00  0.00  0.00  0.00  0.00  0.00
1652   0.091 +/-  0.001   0.000
 ln Vsd:  0.00  0.00  0.00  0.00  0.00  0.00  0.00  0.00  0.00  0.00  0.00
    RMS   0.00  0.00  0.00  0.00  0.00  0.00  0.00  0.00  0.00  0.00  0.00
1702   0.092 +/-  0.001   0.000
 ln Vsd:  0.00  0.00  0.00  0.00  0.00  0.00  0.00  0.00  0.00  0.00  0.00
    RMS   0.00  0.00  0.00  0.00  0.00  0.00  0.00  0.00  0.00  0.00  0.00
1712   0.097 +/-  0.001   0.000
 ln Vsd:  0.00  0.00  0.00  0.00  0.00  0.00  0.00  0.00  0.00  0.00  0.00
    RMS   0.00  0.00  0.00  0.00  0.00  0.00  0.00  0.00  0.00  0.00  0.00
1722   0.089 +/-  0.001   0.000
 ln Vsd:  0.00  0.00  0.00  0.00  0.00  0.00  0.00  0.00  0.00  0.00  0.00
    RMS   0.00  0.00  0.00  0.00  0.00  0.00  0.00  0.00  0.00  0.00  0.00
1732   0.089 +/-  0.001   0.000
 ln Vsd:  0.00  0.00  0.00  0.00  0.00  0.00  0.00  0.00  0.00  0.00  0.00
    RMS   0.00  0.00  0.00  0.00  0.00  0.00  0.00  0.00  0.00  0.00  0.00
1742   0.094 +/-  0.001   0.000
 ln Vsd:  0.00  0.00  0.00  0.00  0.00  0.00  0.00  0.00  0.00  0.00  0.00
    RMS   0.00  0.00  0.00  0.00  0.00  0.00  0.00  0.00  0.00  0.00  0.00
1752   0.091 +/-  0.001   0.000
 ln Vsd:  0.00  0.00  0.00  0.00  0.00  0.00  0.00  0.00  0.00  0.00  0.00
    RMS   0.00  0.00  0.00  0.00  0.00  0.00  0.00  0.00  0.00  0.00  0.00
1802   0.086 +/-  0.000   0.000
 ln Vsd:  0.00  0.00  0.00  0.00  0.00  0.00  0.00  0.00  0.00  0.00  0.00
    RMS   0.00  0.00  0.00  0.00  0.00  0.00  0.00  0.00  0.00  0.00  0.00
1812   0.082 +/-  0.000   0.000
 ln Vsd:  0.00  0.00  0.00  0.00  0.00  0.00  0.00  0.00  0.00  0.00  0.00
    RMS   0.00  0.00  0.00  0.00  0.00  0.00  0.00  0.00  0.00  0.00  0.00
1822   0.080 +/-  0.000   0.000
 ln Vsd:  0.00  0.00  0.00  0.00  0.00  0.00  0.00  0.00  0.00  0.00  0.00
    RMS   0.00  0.00  0.00  0.00  0.00  0.00  0.00  0.00  0.00  0.00  0.00
1832   0.083 +/-  0.000   0.000
 ln Vsd:  0.00  0.00  0.00  0.00  0.00  0.00  0.00  0.00  0.00  0.00  0.00
    RMS   0.00  0.00  0.00  0.00  0.00  0.00  0.00  0.00  0.00  0.00  0.00
1842   0.085 +/-  0.000   0.000
 ln Vsd:  0.00  0.00  0.00  0.00  0.00  0.00  0.00  0.00  0.00  0.00  0.00
    RMS   0.00  0.00  0.00  0.00  0.00  0.00  0.00  0.00  0.00  0.00  0.00
1852   0.090 +/-  0.000   0.000
 ln Vsd:  0.00  0.00  0.00  0.00  0.00  0.00  0.00  0.00  0.00  0.00  0.00
    RMS   0.00  0.00  0.00  0.00  0.00  0.00  0.00  0.00  0.00  0.00  0.00
1902   0.139 +/-  0.003   0.000
 ln Vsd:  0.00  0.00  0.00  0.00  0.00  0.00  0.00  0.00  0.00  0.00  0.00
    RMS   0.00  0.00  0.00  0.00  0.00  0.00  0.00  0.00  0.00  0.00  0.00
1912   0.092 +/-  0.002   0.000
 ln Vsd:  0.00  0.00  0.00  0.00  0.00  0.00  0.00  0.00  0.00  0.00  0.00
    RMS   0.00  0.00  0.00  0.00  0.00  0.00  0.00  0.00  0.00  0.00  0.00
1922   0.085 +/-  0.016   0.000
 ln Vsd:  0.00  0.00  0.00  0.00  0.00  0.00  0.00  0.00  0.00  0.00  0.00
    RMS   0.00  0.00  0.00  0.00  0.00  0.00  0.00  0.00  0.00  0.00  0.00
1932   0.120 +/-  0.007   0.000
 ln Vsd:  0.00  0.00  0.00  0.00  0.00  0.00  0.00  0.00  0.00  0.00  0.00
    RMS   0.00  0.00  0.00  0.00  0.00  0.00  0.00  0.00  0.00  0.00  0.00
1942   0.072 +/-  0.001   0.000
 ln Vsd:  0.00  0.00  0.00  0.00  0.00  0.00  0.00  0.00  0.00  0.00  0.00
    RMS   0.00  0.00  0.00  0.00  0.00  0.00  0.00  0.00  0.00  0.00  0.00
1952   0.078 +/-  0.000   0.000
 ln Vsd:  0.00  0.00  0.00  0.00  0.00  0.00  0.00  0.00  0.00  0.00  0.00
    RMS   0.00  0.00  0.00  0.00  0.00  0.00  0.00  0.00  0.00  0.00  0.00
2002   0.085 +/-  0.000   0.000
 ln Vsd:  0.00  0.00  0.00  0.00  0.00  0.00  0.00  0.00  0.00  0.00  0.00
    RMS   0.00  0.00  0.00  0.00  0.00  0.00  0.00  0.00  0.00  0.00  0.00
2012   0.074 +/-  0.001   0.000
 ln Vsd:  0.00  0.00  0.00  0.00  0.00  0.00  0.00  0.00  0.00  0.00  0.00
    RMS   0.00  0.00  0.00  0.00  0.00  0.00  0.00  0.00  0.00  0.00  0.00
2022   0.104 +/-  0.002   0.000
 ln Vsd:  0.00  0.00  0.00  0.00  0.00  0.00  0.00  0.00  0.00  0.00  0.00
    RMS   0.00  0.00  0.00  0.00  0.00  0.00  0.00  0.00  0.00  0.00  0.00
2032   0.098 +/-  0.000   0.000
 ln Vsd:  0.00  0.00  0.00  0.00  0.00  0.00  0.00  0.00  0.00  0.00  0.00
    RMS   0.00  0.00  0.00  0.00  0.00  0.00  0.00  0.00  0.00  0.00  0.00
2042   0.103 +/-  0.000   0.000
 ln Vsd:  0.00  0.00  0.00  0.00  0.00  0.00  0.00  0.00  0.00  0.00  0.00
    RMS   0.00  0.00  0.00  0.00  0.00  0.00  0.00  0.00  0.00  0.00  0.00
2052   0.121 +/-  0.001   0.000
 ln Vsd:  0.00  0.00  0.00  0.00  0.00  0.00  0.00  0.00  0.00  0.00  0.00
    RMS   0.00  0.00  0.00  0.00  0.00  0.00  0.00  0.00  0.00  0.00  0.00
2102   0.118 +/-  0.001   0.000
 ln Vsd:  0.00  0.00  0.00  0.00  0.00  0.00  0.00  0.00  0.00  0.00  0.00
    RMS   0.00  0.00  0.00  0.00  0.00  0.00  0.00  0.00  0.00  0.00  0.00
2112   0.121 +/-  0.001   0.000
 ln Vsd:  0.00  0.00  0.00  0.00  0.00  0.00  0.00  0.00  0.00  0.00  0.00
    RMS   0.00  0.00  0.00  0.00  0.00  0.00  0.00  0.00  0.00  0.00  0.00
2122   0.149 +/-  0.010   0.000
 ln Vsd:  0.00  0.00  0.00  0.00  0.00  0.00  0.00  0.00  0.00  0.00  0.00
    RMS   0.00  0.00  0.00  0.00  0.00  0.00  0.00  0.00  0.00  0.00  0.00
2132   0.169 +/-  0.003   0.000
 ln Vsd:  0.00  0.00  0.00  0.00  0.00  0.00  0.00  0.00  0.00  0.00  0.00
    RMS   0.00  0.00  0.00  0.00  0.00  0.00  0.00  0.00  0.00  0.00  0.00
2142   0.174 +/-  0.005   0.000
 ln Vsd:  0.00  0.00  0.00  0.00  0.00  0.00  0.00  0.00  0.00  0.00  0.00
    RMS   0.00  0.00  0.00  0.00  0.00  0.00  0.00  0.00  0.00  0.00  0.00
2152   0.161 +/-  0.006   0.000
 ln Vsd:  0.00  0.00  0.00  0.00  0.00  0.00  0.00  0.00  0.00  0.00  0.00
    RMS   0.00  0.00  0.00  0.00  0.00  0.00  0.00  0.00  0.00  0.00  0.00
2202   0.207 +/-  0.001   0.000
 ln Vsd:  0.00  0.00  0.00  0.00  0.00  0.00  0.00  0.00  0.00  0.00  0.00
    RMS   0.00  0.00  0.00  0.00  0.00  0.00  0.00  0.00  0.00  0.00  0.00
2212   0.231 +/-  0.017   0.000
 ln Vsd:  0.00  0.00  0.00  0.00  0.00  0.00  0.00  0.00  0.00  0.00  0.00
    RMS   0.00  0.00  0.00  0.00  0.00  0.00  0.00  0.00  0.00  0.00  0.00
2222   0.223 +/-  0.003   0.000
 ln Vsd:  0.00  0.00  0.00  0.00  0.00  0.00  0.00  0.00  0.00  0.00  0.00
    RMS   0.00  0.00  0.00  0.00  0.00  0.00  0.00  0.00  0.00  0.00  0.00
2232   0.204 +/-  0.036   0.000
 ln Vsd:  0.00  0.00  0.00  0.00  0.00  0.00  0.00  0.00  0.00  0.00  0.00
    RMS   0.00  0.00  0.00  0.00  0.00  0.00  0.00  0.00  0.00  0.00  0.00
2242   0.169 +/-  0.011   0.000
 ln Vsd:  0.00  0.00  0.00  0.00  0.00  0.00  0.00  0.00  0.00  0.00  0.00
    RMS   0.00  0.00  0.00  0.00  0.00  0.00  0.00  0.00  0.00  0.00  0.00
2252   0.215 +/-  0.008   0.000
 ln Vsd:  0.00  0.00  0.00  0.00  0.00  0.00  0.00  0.00  0.00  0.00  0.00
    RMS   0.00  0.00  0.00  0.00  0.00  0.00  0.00  0.00  0.00  0.00  0.00
2302   0.222 +/-  0.014   0.000
 ln Vsd:  0.00  0.00  0.00  0.00  0.00  0.00  0.00  0.00  0.00  0.00  0.00
    RMS   0.00  0.00  0.00  0.00  0.00  0.00  0.00  0.00  0.00  0.00  0.00
2312   0.218 +/-  0.015   0.000
 ln Vsd:  0.00  0.00  0.00  0.00  0.00  0.00  0.00  0.00  0.00  0.00  0.00
    RMS   0.00  0.00  0.00  0.00  0.00  0.00  0.00  0.00  0.00  0.00  0.00
2322   0.215 +/-  0.011   0.000
 ln Vsd:  0.00  0.00  0.00  0.00  0.00  0.00  0.00  0.00  0.00  0.00  0.00
    RMS   0.00  0.00  0.00  0.00  0.00  0.00  0.00  0.00  0.00  0.00  0.00
2332   0.176 +/-  0.006   0.000
 ln Vsd:  0.00  0.00  0.00  0.00  0.00  0.00  0.00  0.00  0.00  0.00  0.00
    RMS   0.00  0.00  0.00  0.00  0.00  0.00  0.00  0.00  0.00  0.00  0.00
2342   0.200 +/-  0.003   0.000
 ln Vsd:  0.00  0.00  0.00  0.00  0.00  0.00  0.00  0.00  0.00  0.00  0.00
    RMS   0.00  0.00  0.00  0.00  0.00  0.00  0.00  0.00  0.00  0.00  0.00
2352   0.243 +/-  0.006   0.000
 ln Vsd:  0.00  0.00  0.00  0.00  0.00  0.00  0.00  0.00  0.00  0.00  0.00
    RMS   0.00  0.00  0.00  0.00  0.00  0.00  0.00  0.00  0.00  0.00  0.00
